16,16,16
0.000000 0.000000 0.000000 0.000000 0.000000 0.000000 0.000000 0.000000 0.000000 0.000000 0.000000 0.000000 0.000000 0.000000 0.000000 0.000000 
0.000000 0.000000 0.000000 0.000000 0.000000 0.000000 0.000000 0.000000 0.000000 0.000000 0.000000 0.000000 0.000000 0.000000 0.000000 0.000000 
0.000000 0.000000 0.000000 0.000000 0.000000 0.000000 0.000000 0.000000 0.000000 0.000000 0.000000 0.000000 0.000000 0.000000 0.000000 0.000000 
0.000000 0.000000 0.000000 0.000000 0.000000 0.000000 0.000000 0.000000 0.000000 0.000000 0.000000 0.000000 0.000000 0.000000 0.000000 0.159540 
0.000000 0.000000 0.000000 0.000000 0.000000 0.000000 0.000000 0.000000 0.000000 0.000000 0.000000 0.000000 0.000000 0.000000 0.000000 0.000000 
0.000000 0.000000 0.000000 0.000000 0.000000 0.000000 0.000000 0.000000 0.000000 0.000000 0.000000 0.000000 0.000000 0.000000 0.000000 0.000000 
0.000000 0.000000 0.000000 0.000000 0.000000 0.000000 0.000000 0.000000 0.000000 0.000000 0.000000 0.000000 0.000000 0.000000 0.000000 0.000000 
0.000000 0.000000 0.000000 0.000000 0.290846 0.000000 0.000000 0.000000 0.114685 0.000000 0.000000 0.196133 0.000000 0.000000 0.000000 0.000000 
0.000000 0.000000 0.000000 0.000000 0.977808 0.000000 0.538930 0.731876 0.309148 0.000000 0.000000 0.000000 0.000000 0.000000 0.000000 0.000000 
0.000000 0.000000 0.000000 1.721120 1.460184 0.000000 0.576679 0.044508 0.000000 0.000000 0.000000 0.544689 0.000000 0.000000 0.000000 0.000000 
0.000000 0.000000 0.000000 1.529070 0.261753 0.000000 0.000000 0.000000 0.000000 0.000000 0.000000 0.000000 0.000000 0.000000 0.000000 0.000000 
0.000000 0.000000 0.010088 0.000000 0.000000 0.000000 0.000000 0.000000 0.000000 0.000000 0.000000 0.000000 0.000000 0.000000 0.000000 0.000000 
0.000000 0.000000 0.000000 0.000000 0.000000 0.000000 0.000000 0.000000 0.000000 0.000000 0.000000 0.000000 0.000000 0.000000 0.000000 0.000000 
0.000000 0.000000 0.000000 0.000000 0.000000 0.000000 0.000000 0.000000 0.000000 0.000000 0.000000 0.000000 0.000000 0.000000 0.129069 0.000000 
0.000000 0.000000 0.000000 0.000000 0.000000 0.000000 0.000000 0.000000 0.000000 0.000000 0.000000 0.000000 0.000000 0.000000 0.000000 0.000000 
0.000000 0.000000 0.000000 0.000000 0.000000 0.000000 0.000000 0.000000 0.000000 0.000000 0.000000 0.000000 0.000000 0.000000 0.000000 0.044482 
1.451980 0.325620 0.000000 0.000000 0.000000 0.000000 0.020482 0.000000 0.000000 0.000000 0.000000 0.000000 0.000000 0.000000 0.000000 0.000000 
1.466016 0.072759 0.000000 0.000000 0.000000 0.005931 0.000000 0.000000 0.000000 0.000000 0.000000 0.000000 0.000000 0.000000 0.000000 0.000000 
1.385506 0.125462 0.000000 0.000000 0.000000 0.008528 0.000000 0.088955 0.000000 0.000000 0.000000 0.000000 0.127611 0.036948 0.000000 0.000000 
1.353443 0.000000 0.035272 0.000000 0.000000 0.146556 0.000000 0.243495 0.000000 0.000000 0.000000 0.168790 0.098593 0.000000 0.000000 0.000000 
1.159110 0.048874 0.000000 0.000000 0.530639 0.533114 0.000000 0.576891 0.150204 0.000000 0.000000 0.216619 0.000000 0.000000 0.000000 0.000000 
1.092520 0.116296 0.000000 0.065156 0.840513 0.387442 0.000000 0.411103 0.000000 0.000000 0.259970 0.525557 0.000000 0.000000 0.075835 0.000000 
1.178957 0.002338 0.271869 0.126351 0.508910 0.000000 0.000000 0.000000 0.368897 0.265337 0.060429 0.058070 0.759818 0.501155 0.009436 0.000000 
1.378868 0.043074 0.000000 0.035402 0.000000 1.273630 0.000000 0.000000 0.424566 0.586072 0.205282 0.349283 1.541456 0.574375 0.027600 0.000000 
1.421906 0.000000 0.000000 0.000000 1.433587 1.904421 0.000000 0.367788 0.672817 0.646703 0.058409 0.535800 1.701665 0.881067 0.000000 0.000000 
1.453719 0.000000 0.000000 0.000000 2.213129 1.453165 0.489673 0.708848 0.399146 0.000000 0.000000 0.973164 2.099708 0.841699 0.000000 0.000000 
1.540873 0.000000 0.000000 0.000000 1.187520 0.654317 0.383838 0.443387 0.004996 0.000000 0.000000 0.645710 0.809862 0.000000 0.000000 0.000000 
1.549205 0.000000 0.000000 0.000000 0.000000 0.000000 0.463749 0.675784 0.309534 0.000000 0.073130 0.000000 0.000000 0.181495 0.046881 0.000000 
1.756523 0.000000 0.000000 0.000000 0.000000 0.000000 0.172193 0.404966 0.369492 0.120993 0.159379 0.000000 0.127715 0.207588 0.000000 0.000000 
2.080685 0.000000 0.000000 0.000000 0.062341 0.000000 0.000000 0.000000 0.000000 0.000000 0.000000 0.000000 0.000000 0.000000 0.203980 0.000000 
2.082657 0.022307 0.000000 0.000000 0.000000 0.000000 0.000000 0.000000 0.000000 0.181140 0.051762 0.000000 0.000000 0.128300 0.030551 0.000000 
1.398519 0.053016 0.000000 0.000000 0.000000 0.000000 0.000000 0.000000 0.000000 0.204228 0.009715 0.000000 0.022740 0.000000 0.124863 0.000000 
0.000000 0.000000 0.000000 0.000000 0.000000 0.000000 0.000000 0.000000 0.000000 0.000000 0.000000 0.000000 0.000000 0.000000 0.000000 0.000000 
0.000000 0.000000 0.000000 0.000000 0.008810 0.000000 0.000000 0.000000 0.000000 0.000000 0.000000 0.000000 0.006253 0.000000 0.023778 0.245195 
0.000000 0.000000 0.000000 0.000000 0.000000 0.000000 0.061829 0.000000 0.000000 0.030252 0.049468 0.000000 0.000000 0.000000 0.069992 0.313201 
0.000000 0.000000 0.053691 0.091003 0.118819 0.157390 0.181892 0.000000 0.150854 0.020504 0.000000 0.000000 0.000000 0.000000 0.000000 0.077272 
0.000000 0.000000 0.000000 0.139434 0.144306 0.000000 0.000000 0.000000 0.723867 0.650576 0.031175 0.011420 0.000000 0.000000 0.000000 0.139526 
0.000000 0.000000 0.000000 0.000000 0.000000 0.000000 0.000000 0.000000 0.550660 0.485974 0.000000 0.000000 0.087499 0.000000 0.000000 0.186532 
0.000000 0.000000 0.000000 0.000000 0.000000 0.294565 0.300454 0.000000 0.000000 0.000000 0.011159 0.222767 0.334688 0.000000 0.000000 0.260452 
0.000000 0.000000 0.000000 0.000000 0.078984 0.000000 0.000000 0.000000 0.000000 0.000000 0.000000 0.000000 0.000000 0.000000 0.000000 0.154953 
0.000000 0.104643 0.044187 0.190524 0.316327 0.000000 0.351280 0.000000 0.000000 0.000000 0.000000 0.000000 0.000000 0.000000 0.000000 0.000000 
0.000000 0.000000 0.000000 0.000000 0.000000 0.000000 0.000000 0.000000 0.000000 0.000000 0.000000 0.000000 0.000000 0.226822 0.296924 0.256185 
0.000000 0.000000 0.000000 0.000000 0.000000 0.000000 0.000000 0.000000 0.000000 0.000000 0.000000 0.000000 0.000000 0.000000 0.000000 0.000000 
0.000000 0.000000 0.000000 0.000000 0.000000 0.000000 0.000000 0.000000 0.000000 0.000000 0.000000 0.000000 0.000000 0.000000 0.000000 0.000000 
0.000000 0.000000 0.000000 0.000000 0.000000 0.000000 0.000000 0.000000 0.000000 0.000000 0.000000 0.000000 0.000000 0.000000 0.000000 0.000000 
0.000000 0.000000 0.000000 0.000000 0.000000 0.000000 0.000000 0.000000 0.000000 0.000000 0.000000 0.000000 0.000000 0.000000 0.000000 0.000000 
0.000000 0.000000 0.000000 0.000000 0.000000 0.000000 0.022927 0.066161 0.137562 0.017889 0.000000 0.021393 0.045561 0.000000 0.035544 0.136027 
0.220998 0.836129 0.982268 1.009388 0.954362 0.840463 0.897990 0.915034 0.872995 0.842742 1.062436 1.011662 0.990657 0.837730 0.742137 0.755103 
0.000000 0.000000 0.267268 0.236431 0.000000 0.000000 0.000000 0.000000 0.000000 0.000000 0.057397 0.000000 0.000000 0.002134 0.000000 0.000000 
0.000000 0.424254 0.511721 0.254781 0.000000 0.005581 0.048826 0.085925 0.000000 0.000000 0.000000 0.005331 0.000000 0.005625 0.000000 0.000000 
0.000000 0.497971 0.050941 0.000000 0.028488 0.203205 0.196558 0.013361 0.000000 0.070350 0.096272 0.000000 0.231171 0.000000 0.000000 0.000000 
0.000000 0.069943 0.000000 0.000000 0.188874 0.000000 0.000000 0.000000 1.014720 0.056684 0.000000 0.576119 0.207844 0.000000 0.000000 0.193933 
0.000000 0.105022 0.000000 0.069651 0.101165 0.117441 0.000000 0.000000 1.476714 0.066724 0.000000 0.036562 0.533784 0.191208 0.000000 0.197443 
0.000000 0.000000 0.000000 0.000000 0.075629 0.000000 0.380017 0.885718 0.001348 0.235495 1.069999 0.083641 0.341858 0.295877 0.000000 0.024380 
0.000000 0.000000 0.000000 0.000000 0.000000 1.380528 0.549329 1.269809 0.118884 0.232375 0.624448 0.000000 0.004624 0.260849 0.000000 0.055737 
0.000000 0.000000 0.000000 0.000000 0.752588 2.224884 0.596110 1.680948 0.852146 0.000000 0.000000 0.578779 0.157033 0.000000 0.000000 0.000000 
0.000000 0.070849 0.000000 0.221186 2.694589 1.982338 1.257241 1.147871 0.836213 0.000000 0.000000 1.379145 0.281495 0.000000 0.000000 0.000000 
0.000000 0.005373 0.000000 1.950363 2.764681 0.000000 1.499183 0.039651 0.000000 0.000000 0.693361 1.012794 0.337176 0.000000 0.021405 0.455362 
0.000000 0.000000 0.127559 2.836111 1.025497 0.000000 0.682370 0.000000 0.330859 0.332741 0.695199 1.181887 0.000000 0.000000 0.097977 0.323268 
0.000000 0.000000 0.765700 0.340638 0.290842 0.491922 0.416429 0.000000 0.000000 0.077866 0.023879 0.000000 0.000000 0.443742 0.000000 1.265851 
0.000000 0.086774 0.252099 0.049105 0.216322 0.096649 0.424926 0.000000 0.000000 0.165558 0.110240 0.003034 0.516407 0.720610 0.279643 1.127803 
0.000000 0.000000 0.000000 0.184284 0.000000 0.000000 0.174582 0.000000 0.000000 0.162980 0.000000 0.364201 0.256003 0.000000 1.318355 0.717719 
0.000000 0.000000 0.000000 0.078826 0.000000 0.011246 0.231239 0.000000 0.003836 0.075466 0.000000 0.000964 0.270603 0.000000 1.066498 0.000000 
0.000000 0.105747 0.330752 0.142860 0.000000 0.291360 0.046544 0.000000 0.242201 0.145752 0.033776 0.012798 0.415135 0.000000 1.742719 0.000000 
0.130147 0.000000 0.000000 0.000000 0.000000 0.000000 0.000000 0.000000 0.000000 0.000000 0.000000 0.000000 0.000000 0.000000 0.000000 0.000000 
0.110782 0.000000 0.000000 0.000000 0.000000 0.000000 0.000000 0.000000 0.000000 0.000000 0.000000 0.000000 0.000000 0.000000 0.000000 0.106800 
0.048049 0.000000 0.000000 0.000000 0.000000 0.000000 0.000000 0.083140 0.000000 0.000000 0.000000 0.000000 0.000000 0.000000 0.000000 0.238934 
0.108708 0.000000 0.000000 0.000000 0.000000 0.000000 0.000000 0.156051 0.000000 0.075756 0.000000 0.000000 0.000000 0.000000 0.000000 0.298087 
0.000000 0.000000 0.000000 0.000000 0.000000 0.000000 0.000000 0.000000 0.000000 0.000000 0.000000 0.000000 0.000000 0.000000 0.000000 0.126777 
0.000000 0.000000 0.000000 0.000000 0.045828 0.000000 0.000000 0.000000 0.000000 0.000000 0.000000 0.000000 0.000000 0.000000 0.000000 0.000000 
0.000000 0.000000 0.000000 0.000000 0.000000 0.688198 0.127501 0.061275 0.217284 0.152054 0.000000 0.132863 0.000000 0.000000 0.000000 0.000000 
0.064690 0.000000 0.000000 0.000000 0.000000 0.111365 0.395323 0.043186 0.157780 0.208839 0.241611 0.000000 0.000000 0.000000 0.000000 0.000000 
0.000000 0.000000 0.000000 0.000000 0.000000 0.000000 0.012447 0.000000 0.000000 0.079892 0.000000 0.143415 0.228257 0.587175 0.406209 0.328688 
0.000000 0.000000 0.000000 0.034697 0.000000 0.000000 0.000000 0.000000 0.000000 0.000000 0.175507 0.000000 0.236713 0.635286 0.576405 0.894638 
0.000000 0.000000 0.000000 0.227646 0.000000 0.027462 0.000000 0.000000 0.000000 0.049310 0.000000 0.000000 0.000000 0.000000 0.027943 0.000000 
0.000000 0.000000 0.019012 0.000000 0.000000 0.000000 0.000000 0.001134 0.022799 0.000000 0.000000 0.000000 0.327435 1.420943 1.496282 1.224510 
0.000000 0.000000 0.000000 0.000000 0.000000 0.000000 0.000000 0.173610 0.000000 0.000000 0.000000 0.000000 0.526154 1.703225 1.523390 1.260098 
0.435901 0.132461 0.000000 0.000000 0.000000 0.000000 0.000000 0.000000 0.000000 0.000000 0.000000 0.000000 0.182124 0.464168 0.511078 0.828488 
1.111821 1.214827 0.387037 0.000000 0.000000 0.000000 0.000000 0.000000 0.000000 0.000000 0.000000 0.000000 0.000000 0.071536 0.383532 0.004546 
1.039774 1.516368 1.521321 1.301630 0.650357 0.000000 0.000000 0.000000 0.000000 0.000000 0.127537 0.102391 0.099319 0.031401 0.392551 0.108448 
0.663879 0.000000 0.033979 0.000000 0.000000 0.000000 0.311968 0.110195 0.000000 0.238535 0.110398 0.000000 0.014983 0.000000 0.000000 0.877183 
0.967616 0.077385 0.063252 0.000000 0.217889 0.000000 0.652944 0.000000 0.025479 0.035806 0.000000 0.081895 0.038230 0.166685 0.110223 1.979756 
0.747726 0.000000 0.000000 0.000000 0.353646 0.000000 0.025994 0.416379 0.469780 0.000000 0.113804 0.077958 0.300555 0.000000 0.043397 2.177654 
0.467794 0.000000 0.058035 0.000000 0.318487 0.000000 0.026338 1.304809 0.468964 0.000000 0.456197 0.299480 0.510917 0.007345 0.371853 1.516219 
0.416051 0.000000 0.066483 0.333235 0.391539 0.407157 0.210199 0.910607 0.387699 0.000000 0.712521 0.185299 0.758607 0.015892 0.000000 0.620563 
0.310371 0.084465 0.087491 0.691091 0.000000 1.798607 0.673272 0.666679 0.655386 0.397007 0.704599 0.000000 0.763407 0.000000 0.000000 0.453537 
0.088915 0.507438 0.000000 0.322356 0.991736 1.510657 0.820564 0.221425 0.324326 0.175777 0.064703 0.625651 0.045439 0.312298 0.065368 0.498518 
0.224782 0.640257 0.368995 0.121832 1.265237 0.734749 0.739193 0.085103 0.000000 0.138473 0.000000 0.978144 0.339191 0.597281 0.129397 0.729216 
0.374805 0.248052 0.000000 0.300580 1.599542 2.041508 0.000000 0.308120 0.000000 0.120124 0.000000 0.892559 0.361677 0.545067 0.089706 0.526341 
0.561541 0.046351 0.000000 0.621385 0.568399 1.949435 0.263619 0.627769 0.328958 0.000000 0.000000 0.753337 0.000000 0.571263 0.000000 0.192504 
0.601700 0.000000 0.094251 0.264241 0.000000 1.012944 0.305286 0.427495 0.338566 0.000000 0.015622 0.293556 0.099147 0.324738 0.000000 1.098187 
0.392330 0.025701 0.071179 0.273711 0.000000 0.372308 0.113113 0.347380 0.137502 0.070001 0.000000 0.044751 0.325450 0.000000 0.790489 0.375023 
0.179322 0.000186 0.000000 0.000000 0.183482 0.679933 0.000000 0.312640 0.162501 0.000000 0.012152 0.028857 0.192990 0.000000 0.614028 1.351919 
0.216174 0.092102 0.000000 0.000000 0.024059 0.393564 0.000000 0.000000 0.100153 0.039480 0.000000 0.000000 0.073338 1.489425 1.111110 2.561735 
0.359217 0.000000 0.017895 0.013008 0.000000 0.053812 0.005107 0.000000 0.000000 0.289921 0.000000 0.269170 0.153108 1.758159 1.616384 2.479150 
0.113900 0.000000 0.000000 0.000000 0.000000 0.000000 0.000000 0.000000 0.000000 0.133377 0.000000 0.170299 0.000000 0.878428 1.248480 1.288871 
0.392852 0.724134 0.170781 0.000000 0.000000 0.000000 0.000000 0.000000 0.000000 0.000000 0.000000 0.000000 0.000000 0.000000 0.000000 0.000000 
0.000000 0.000000 0.000000 0.000000 0.000000 0.000000 0.000000 0.000000 0.000000 0.000000 0.000000 0.000000 0.000000 0.000000 0.000000 0.000000 
0.000000 0.000000 0.000000 0.000000 0.000000 0.000000 0.000000 0.000000 0.000000 0.000000 0.000000 0.000000 0.000000 0.000000 0.273681 0.288257 
0.000000 0.000000 0.000000 0.000000 0.000000 0.000000 0.000000 0.000000 0.000000 0.079401 0.000000 0.000000 0.000000 0.000000 0.000000 0.000000 
0.000000 0.000000 0.000000 0.000000 0.000000 0.000000 0.000000 0.000000 0.000000 0.000000 0.000000 0.000000 0.000000 0.000000 0.000000 0.000000 
0.000000 0.000000 0.000000 0.000000 0.000000 0.000000 0.000000 0.000000 0.000000 0.000000 0.000000 0.000000 0.000000 0.000000 0.000000 0.000000 
0.000000 0.000000 0.000000 0.000000 0.000000 0.000000 0.000000 0.000000 0.000000 0.000000 0.000000 0.000000 0.000000 0.000000 0.000000 0.000000 
0.000000 0.000000 0.000000 0.000000 0.000000 0.000000 0.000000 0.000000 0.000000 0.000000 0.000000 0.000000 0.000000 0.000000 0.000000 0.000000 
0.000000 0.000000 0.000000 0.000000 0.000000 0.000000 0.000000 0.000000 0.000000 0.000000 0.112758 0.243053 0.000000 0.000000 0.000000 0.000000 
0.000000 0.000000 0.000000 0.000000 0.000000 0.000000 0.270921 0.267460 0.433116 0.275445 0.000000 0.000000 0.000000 0.000000 0.000000 0.000000 
0.000000 0.000000 0.000000 0.000000 0.281123 0.000000 0.348840 0.000000 0.000000 0.000000 0.128720 0.711651 0.336506 0.000000 0.000000 0.000000 
0.000000 0.000000 0.000000 0.236190 0.352290 0.000000 0.000000 0.000000 0.000000 0.000000 0.000000 0.102619 0.000000 0.000000 0.000000 0.000000 
0.000000 0.000000 0.000000 0.000000 0.000000 0.000000 0.000000 0.000000 0.000000 0.000000 0.000000 0.000000 0.000000 0.000000 0.000000 0.000000 
0.000000 0.000000 0.000000 0.000000 0.000000 0.000000 0.325601 0.050239 0.000000 0.000000 0.000000 0.000000 0.000000 0.000000 0.000000 0.000000 
0.000000 0.000000 0.000000 0.000000 0.000000 0.000000 0.000000 0.000000 0.000000 0.000000 0.000000 0.000000 0.000000 0.000000 0.733937 0.000000 
0.000000 0.000000 0.000000 0.000000 0.000000 0.000000 0.000000 0.000000 0.000000 0.000000 0.000000 0.000000 0.219646 0.217155 0.383256 0.000000 
1.145964 0.473923 0.302862 0.246651 0.090703 0.358301 0.129850 0.093437 0.185883 0.561926 0.048030 0.360435 0.431563 0.000000 0.163323 0.582461 
0.106280 0.337919 0.356227 0.213122 0.000000 0.177498 0.127287 0.217062 0.062905 0.310104 0.000000 0.007653 0.206993 0.162166 0.000000 0.428889 
0.253388 0.354602 0.157870 0.144957 0.311606 0.067448 0.333789 0.050335 0.728011 0.447659 0.000000 0.711710 0.287312 0.217162 0.579411 1.327278 
0.148960 0.192210 0.026781 0.072824 0.130279 0.183954 0.439153 0.958251 0.337061 1.321683 0.964209 0.475902 0.000000 0.207976 0.377954 1.399567 
0.000000 0.223638 0.036356 0.123925 0.403540 0.162925 0.075229 1.270332 1.180217 0.000000 0.787764 1.018445 0.311330 0.000000 0.574530 0.317003 
0.000000 0.000000 0.191384 0.181976 0.000000 0.041743 0.102056 0.138627 0.581403 0.593333 0.150668 1.012920 0.676145 0.189300 0.000000 0.153064 
0.153464 0.090125 0.378275 0.487137 0.320583 0.547771 0.345636 0.344099 0.000000 0.000000 0.057946 0.000000 0.839901 0.047069 0.000000 0.142953 
0.082962 0.000000 0.464883 0.173931 0.000000 0.819434 0.554746 0.838955 0.000000 0.000000 0.862721 0.000000 0.684114 0.273903 0.208331 0.367326 
0.214010 0.000000 0.341012 0.000000 0.553486 0.416733 0.711986 0.387101 0.102061 0.377587 1.771508 1.482001 0.089887 0.000000 0.000000 0.745286 
0.116332 0.325406 0.531038 0.527144 0.429300 0.704759 0.219393 0.496203 0.032057 1.051056 1.243526 0.083561 0.170389 0.055603 0.737568 0.775117 
0.000000 0.215211 1.005805 1.789121 0.000000 0.630577 0.609177 0.575541 0.175500 0.228186 1.012469 0.719780 0.000000 0.169426 0.049590 0.934676 
0.000000 0.044175 0.152040 1.201087 0.985175 0.122649 0.283245 0.686214 0.566388 0.000000 0.385657 0.326289 0.245332 0.000000 0.148369 0.670360 
0.360557 0.628513 0.150318 0.081230 0.405858 1.606948 0.413173 0.192540 0.903596 0.627998 0.000000 0.322246 0.535699 0.330632 0.000000 0.660017 
0.000000 0.648444 0.533202 0.025823 0.260853 0.722376 0.424181 0.666299 0.447085 0.475711 0.540033 0.000000 0.000000 0.447302 0.736539 0.849557 
0.000000 0.000000 0.444443 0.466327 0.473319 0.146062 0.152414 0.000000 0.279922 0.114321 0.746849 0.586025 0.000000 1.068391 0.000000 1.029300 
0.000000 0.075292 0.000000 0.000000 0.276415 0.081173 0.000661 0.000000 0.103480 0.000000 0.000000 0.088201 0.000000 1.029872 1.072671 1.142876 
0.758037 0.000000 0.000000 0.000000 0.000000 0.000000 0.000000 0.000000 0.000000 0.000000 0.000000 0.000000 0.000000 0.000000 0.000000 0.000000 
0.000000 0.000000 0.000000 0.000000 0.000000 0.000000 0.000000 0.000000 0.000000 0.000000 0.000000 0.000000 0.000000 0.000000 0.000000 0.000000 
0.000000 0.000000 0.000000 0.000000 0.000000 0.000000 0.167097 0.000000 0.000000 0.000000 0.000000 0.000000 0.000000 0.000000 0.000000 0.000000 
0.000000 0.000000 0.000000 0.000000 0.000000 0.251310 0.391647 0.000000 0.000000 0.562834 0.292351 0.000000 0.000000 0.000000 0.000000 0.175690 
0.000000 0.000000 0.000000 0.000000 0.000000 0.026137 0.000000 0.230721 0.040816 0.000000 0.108719 0.352620 0.000000 0.000000 0.000000 0.000000 
0.000000 0.000000 0.048863 0.000000 0.000000 0.000000 0.000000 0.029806 0.000000 0.000000 0.000000 0.774516 0.000000 0.000000 0.000000 0.000000 
0.000000 0.000000 0.000000 0.000000 0.000000 0.000000 0.000000 0.000000 0.000000 0.000000 0.000000 0.000000 0.963517 0.180227 0.000000 0.000000 
0.000000 0.000000 0.000000 0.000000 0.000000 0.660192 0.000000 0.000000 0.000000 0.000000 0.000000 0.000000 1.003398 0.098756 0.000000 0.000000 
0.000000 0.000000 0.000000 0.000000 0.695102 0.343651 0.232833 0.446762 0.000000 0.000000 0.000000 0.000000 0.000000 0.000000 0.000000 0.000000 
0.000000 0.000000 0.000000 0.272007 0.545642 0.000000 0.114416 0.000000 0.000000 0.000000 0.000000 0.000000 0.000000 0.000000 0.000000 0.000000 
0.000000 0.000000 0.000000 0.000000 0.000000 0.000000 0.000000 0.000000 0.000000 0.000000 0.000000 0.000000 0.000000 0.000000 0.000000 0.000000 
0.000000 0.000000 0.000000 0.000000 0.000000 0.000000 0.000000 0.000000 0.000000 0.000000 0.094454 0.000000 0.000000 0.000000 0.000000 0.000000 
0.000000 0.000000 0.000000 0.000000 0.000000 0.000000 0.000000 0.000000 0.000000 0.000000 0.000000 0.000000 0.000000 0.000000 0.000000 0.797696 
0.000000 0.000000 0.000000 0.000000 0.000000 0.000000 0.000000 0.000000 0.000000 0.000000 0.000000 0.000000 0.000000 0.000000 0.569399 0.687689 
0.000000 0.000000 0.000000 0.000000 0.000000 0.000000 0.000000 0.000000 0.000000 0.000000 0.000000 0.000000 0.000000 0.093131 0.000000 0.000000 
0.000000 0.025366 0.000000 0.016453 0.159304 0.188126 0.036201 0.066701 0.127138 0.044129 0.000000 0.148110 0.010722 0.612840 0.383037 0.683624 
0.000000 0.000000 0.000000 0.000000 0.069681 0.000000 0.000000 0.000000 0.000000 0.000000 0.000000 0.000000 0.000000 0.009287 0.004148 0.325532 
0.000000 0.000000 0.000000 0.000000 0.084326 0.000000 0.000000 0.000000 0.000000 0.000000 0.000000 0.000000 0.000000 0.060950 0.115543 0.191206 
0.000000 0.000000 0.000000 0.000000 0.000000 0.087161 0.000000 0.000000 0.127558 0.000000 0.000000 0.000000 0.000000 0.053896 0.277591 0.000000 
0.000000 0.000000 0.000000 0.000000 0.199741 0.261908 0.120767 0.000000 0.677351 0.466402 0.000000 0.000000 0.053610 0.138114 0.202557 0.000000 
0.000000 0.000000 0.000000 0.000000 0.139630 0.236335 0.079001 0.000000 0.672625 0.795887 0.000000 0.000000 0.000000 0.130383 0.000000 0.231152 
0.000000 0.161909 0.178364 0.000000 0.000000 0.000000 0.137554 0.000000 0.038595 0.222131 0.613310 0.277400 0.000000 0.000000 0.000000 0.277537 
0.000000 0.471688 0.368498 0.000000 0.000000 0.000000 0.194998 0.515971 0.000000 0.000000 0.630770 0.808001 0.000000 0.000000 0.000000 0.265457 
0.000000 0.721106 0.562159 0.000000 0.000000 0.000000 0.000000 0.495260 0.256075 0.049015 0.183365 0.966161 0.525879 0.000000 0.000000 0.381108 
0.000000 0.558250 0.545318 0.000000 0.000000 0.000000 0.000000 0.019763 0.175789 0.243020 0.192894 0.912342 0.707513 0.000000 0.032379 0.473034 
0.000000 0.121113 0.188357 0.000000 0.240165 0.000000 0.332699 0.000000 0.232026 0.000000 0.233845 0.511044 0.880834 0.000000 0.000000 0.679128 
0.000000 0.000000 0.000000 0.000000 0.544231 0.073720 0.535460 0.000000 0.125208 0.017638 0.000000 0.404892 0.875425 0.000000 0.000000 0.701700 
0.000000 0.000000 0.000000 0.000000 0.341182 0.154723 0.367148 0.104920 0.000000 0.047219 0.141174 0.008858 0.031124 0.000000 0.000000 1.015997 
0.000000 0.122780 0.000000 0.000000 0.000000 0.000000 0.456094 0.419807 0.000000 0.000000 0.151965 0.000000 0.000000 0.000000 0.224887 0.894906 
0.000000 0.397735 0.199886 0.071227 0.017905 0.000000 0.256842 0.182859 0.071355 0.000000 0.000000 0.000000 0.182686 0.000000 0.635296 0.460647 
0.000000 0.384492 0.247751 0.459030 0.393124 0.000000 0.024411 0.086000 0.000000 0.009979 0.108119 0.000000 0.498733 0.000000 1.241583 0.144734 
0.000000 0.000000 0.110608 0.282251 0.275156 0.025942 0.000000 0.000000 0.000000 0.000000 0.131027 0.000000 0.463056 0.000000 1.130213 0.200454 
0.384767 0.386387 0.000000 0.000000 0.000000 0.000000 0.000000 0.000000 0.000000 0.000000 0.000000 0.000000 0.000000 0.000000 0.000000 0.000000 
0.032901 0.000000 0.000000 0.000000 0.000000 0.000000 0.000000 0.000000 0.000000 0.000000 0.000000 0.000000 0.000000 0.000000 0.000000 0.000000 
0.000000 0.000000 0.000000 0.000000 0.000000 0.000000 0.000000 0.000000 0.000000 0.000000 0.000000 0.000000 0.000000 0.000000 0.000000 0.000000 
0.000000 0.000000 0.000000 0.000000 0.000000 0.000000 0.000000 0.154283 0.000000 0.000000 0.000000 0.000000 0.000000 0.000000 0.000000 0.000000 
0.088773 0.000000 0.000000 0.000000 0.000000 0.000000 0.000000 0.000000 0.000000 0.000000 0.000000 0.000000 0.000000 0.000000 0.000000 0.000000 
0.152951 0.000000 0.000000 0.000000 0.000000 0.000000 0.000000 0.000000 0.000000 0.000000 0.000000 0.000000 0.000000 0.000000 0.000000 0.000000 
0.086571 0.000000 0.000000 0.000000 0.000000 0.000000 0.000000 0.000000 0.000000 0.000000 0.000000 0.000000 0.000000 0.000000 0.000000 0.000000 
0.044269 0.000000 0.000000 0.000000 0.000000 0.000000 0.000000 0.000000 0.122592 0.000000 0.000000 0.000000 0.000000 0.000000 0.000000 0.000000 
0.062853 0.000000 0.000000 0.000000 0.000000 0.000000 0.000000 0.000000 0.000000 0.000000 0.000000 0.000000 0.000000 0.000000 0.000000 0.000000 
0.005165 0.000000 0.000000 0.000000 0.000000 0.000000 0.000000 0.000000 0.000000 0.000000 0.000000 0.000000 0.000000 0.000000 0.000000 0.000000 
0.000000 0.000000 0.000000 0.000000 0.000000 0.000000 0.000000 0.000000 0.000000 0.000000 0.000000 0.000000 0.000000 0.000000 0.000000 0.000000 
0.000000 0.000000 0.000000 0.000000 0.000000 0.000000 0.000000 0.000000 0.000000 0.000000 0.000000 0.000000 0.000000 0.000000 0.000000 0.000000 
0.000000 0.000000 0.000000 0.000000 0.000000 0.000000 0.000000 0.000000 0.000000 0.000000 0.000000 0.000000 0.000000 0.000000 0.000000 0.000000 
0.000000 0.000000 0.000000 0.000000 0.000000 0.000000 0.000000 0.000000 0.000000 0.000000 0.000000 0.000000 0.000000 0.000000 0.000000 0.000000 
0.548549 0.000000 0.000000 0.000000 0.000000 0.000000 0.000000 0.000000 0.000000 0.000000 0.000000 0.000000 0.000000 0.444663 0.000000 0.000000 
0.928717 0.337261 0.013515 0.000000 0.000000 0.000000 0.000000 0.000000 0.000000 0.070827 0.000000 0.000000 0.000000 0.297612 0.074800 0.000000 
1.090012 0.084907 0.000000 0.241261 0.416180 0.051984 0.083836 0.000000 0.204740 0.000000 0.073109 0.027259 0.022653 0.000000 0.129123 0.381810 
0.294577 0.000000 0.211848 0.460962 0.339401 0.209608 0.000000 0.320543 0.453828 0.160378 0.090043 0.420707 0.080670 0.188317 0.357319 1.284521 
0.000000 0.000000 0.168240 0.236992 0.014192 0.250451 0.859911 0.936015 0.108783 0.385175 0.917728 0.369414 0.005943 0.552721 0.871264 1.245381 
0.000000 0.149388 0.301134 0.162948 0.129920 1.272225 1.106063 0.748723 0.476138 0.818448 0.408164 0.431135 0.022096 0.283915 0.136156 0.000000 
0.000000 0.315839 0.200892 0.164788 0.817499 1.303965 0.256682 0.000000 1.054109 0.632309 0.042672 0.083394 0.069759 0.117144 0.000000 0.371082 
0.000000 0.111176 0.391138 0.682842 0.886636 0.000000 0.000000 0.019929 0.647407 0.000000 0.025411 0.265352 0.000000 0.203548 0.090966 0.405544 
0.000000 0.000000 1.053351 0.426125 0.656712 0.868881 0.699807 0.025749 0.000000 0.000000 0.350941 0.190566 0.093401 0.173109 0.065297 0.540461 
0.000000 0.167087 0.880294 0.583663 0.000000 1.865394 0.026322 0.155840 0.000000 0.000000 0.255493 0.000000 0.396314 0.000000 0.000000 0.490097 
0.018104 0.487541 0.785377 0.254967 0.508125 1.680442 0.000000 0.258414 0.502258 0.210276 0.402852 0.000000 0.000000 0.000000 0.189239 0.524946 
0.000000 0.201616 0.421908 0.000000 0.877996 0.000000 1.001758 0.810234 0.324992 0.452033 0.000000 0.325047 0.381957 0.272451 0.411772 0.431013 
0.000000 0.207305 0.000000 0.822384 0.362531 0.000000 0.507353 0.000000 0.386583 0.439405 0.173001 0.391253 0.487431 0.000000 0.183415 0.000000 
0.000000 0.055392 0.576492 0.530945 0.000000 0.000000 0.221002 0.000000 0.220822 0.000000 1.005661 0.921350 0.548835 0.366939 0.205205 1.306177 
0.000000 0.344114 0.328618 0.000000 0.191080 0.435793 0.184624 0.364307 0.400743 0.292396 0.751128 0.000000 0.089121 0.416435 0.000000 1.666021 
0.000000 0.114447 0.086201 0.109679 0.600979 0.455551 0.362549 0.444491 0.000000 0.093550 0.063011 0.078363 0.084562 0.115856 1.566878 2.627507 
0.000000 0.000000 0.000000 0.027069 0.261535 0.090392 0.307113 0.152831 0.000000 0.115738 0.215272 0.292703 1.008748 1.404238 1.662499 1.496701 
0.354816 0.495294 0.660571 0.728523 0.554635 0.376803 0.341256 0.223962 0.438156 0.402307 0.551136 0.529959 1.259810 0.581875 1.058358 0.404544 
0.991990 0.594299 0.000000 0.000000 0.060679 0.084057 0.030789 0.184879 0.193957 0.000000 0.000000 0.000000 0.047696 0.000000 0.091073 0.011866 
0.000000 0.000000 0.207247 0.030913 0.000000 0.000000 0.000000 0.260000 0.084129 0.000000 0.000000 0.000000 0.000000 0.000000 0.000000 0.000000 
0.000000 0.000000 0.000000 0.000000 0.000000 0.015542 0.000000 0.000000 0.095282 0.093630 0.598870 0.000000 0.000000 0.000000 0.338350 0.221719 
0.018580 0.000000 0.008340 0.000000 0.179730 0.564309 0.256758 0.244548 0.000000 0.022981 0.000000 0.588870 0.000000 0.000000 0.000000 0.175958 
0.000000 0.000000 0.000000 0.112761 0.483743 0.650414 0.000000 0.056922 0.838247 0.183374 0.432027 0.000000 0.000000 0.000000 0.000000 0.113526 
0.157066 0.124043 0.049196 0.444662 0.247544 0.000000 0.000000 0.086544 0.000000 0.000000 0.421799 0.547581 0.000000 0.000000 0.000000 0.000000 
0.000000 0.030215 0.476125 0.000000 0.072943 0.411160 0.611997 0.000049 0.522446 0.154091 0.792870 0.288572 0.000000 0.000000 0.000000 0.000000 
0.000000 0.000000 0.000000 0.115368 0.000000 1.417669 0.368645 0.351567 0.326106 0.137226 0.673838 0.406128 0.996216 0.000000 0.000000 0.000000 
0.000000 0.000000 0.000000 0.000000 1.274347 1.062445 0.000000 0.247498 0.720821 0.794747 0.864350 0.704516 0.331975 0.325017 0.003573 0.000000 
0.000000 0.000000 0.455636 0.000000 1.391220 0.400425 1.298630 1.381517 0.770643 0.000000 0.000000 0.591660 0.086723 0.000000 0.000000 0.000000 
0.000000 0.000000 0.427600 2.050593 1.029331 0.205880 0.000000 0.000000 0.198312 0.000000 0.260974 1.161336 0.000000 0.000000 0.000000 0.000000 
0.000000 0.000000 0.377141 0.000000 0.000000 0.306982 0.106883 0.101428 0.000000 0.000000 0.327139 0.577527 0.000000 0.038693 0.084196 0.560670 
0.000000 0.066930 0.109667 0.000000 0.065484 0.528365 0.677728 0.737267 0.000680 0.244241 0.632909 0.000000 0.343139 0.287010 0.000000 0.640014 
0.000000 0.000000 0.000000 0.000000 0.119658 0.024201 0.000000 0.000000 0.000000 0.000000 0.332337 0.368212 0.351495 0.000000 0.938341 0.788052 
0.000000 0.000000 0.000000 0.140777 0.073551 0.008232 0.007298 0.000000 0.000000 0.000000 0.000000 0.000000 0.301219 0.713225 0.939190 0.000000 
0.000000 0.000000 0.000000 0.000000 0.000000 0.000000 0.000000 0.000000 0.000000 0.000000 0.000000 0.000000 0.334583 0.000000 0.000000 0.070265 
0.749226 1.148198 0.778188 0.275444 0.021036 0.269066 0.464292 0.478581 0.181905 0.248068 0.238674 0.240558 0.051062 0.094419 0.000000 0.000000 
0.856978 0.953166 0.143566 0.000000 0.060056 0.076726 0.082142 0.000000 0.000000 0.000000 0.000000 0.000000 0.000000 0.000000 0.000000 0.000000 
0.679262 0.389660 0.000000 0.000000 0.117701 0.000000 0.000000 0.000000 0.277133 0.000000 0.000000 0.035803 0.000000 0.000000 0.215358 0.592788 
0.279196 0.000000 0.000000 0.000000 0.000000 0.000000 0.000000 0.716681 1.156910 0.351075 0.041941 0.000000 0.000000 0.000000 0.418685 0.275453 
0.157869 0.000000 0.000000 0.000000 0.000000 0.708734 1.207376 1.067293 0.000000 0.579680 1.135980 0.749912 0.234619 0.000000 0.000000 0.000000 
0.000000 0.000000 0.000000 0.000000 0.170666 1.240964 1.424773 0.763527 0.582300 0.876372 0.859812 0.000000 0.077468 0.000000 0.000000 0.000000 
0.052160 0.000000 0.000000 0.104473 0.454987 0.633244 0.000000 0.000000 0.000000 0.000000 0.000000 0.401146 0.216176 0.000000 0.000000 0.000000 
0.000000 0.000000 0.000000 0.753397 0.905918 0.000000 0.249060 0.000000 0.000000 0.000000 0.000000 0.000000 0.000000 0.186084 0.160310 0.000000 
0.000000 0.000000 0.204098 0.771884 0.517679 0.145957 0.378054 0.000000 0.000000 0.138001 0.238205 0.271200 0.003893 0.000000 0.000000 0.000000 
0.000000 0.000000 0.427633 0.907309 0.000000 0.000000 0.000000 0.636748 0.654937 0.346790 0.000000 0.000000 0.000000 0.000000 0.000000 0.000000 
0.065118 0.000000 0.000000 0.000000 0.227868 0.340930 0.156919 0.204368 0.000000 0.000000 0.000000 0.000000 0.000000 0.050047 0.034656 0.000000 
0.072818 0.000000 0.010997 0.240182 0.190199 0.052283 0.000000 0.000000 0.000000 0.000000 0.000000 0.251037 0.566674 0.158797 0.289959 0.000000 
0.602742 0.138751 0.000000 0.000000 0.000000 0.000000 0.000000 0.000000 0.000000 0.000000 0.280653 0.848264 0.446377 0.192994 0.399825 0.000000 
0.426670 0.296224 0.348978 0.200710 0.000000 0.050285 0.000000 0.000000 0.000000 0.000000 0.000000 0.000000 0.000000 0.000000 0.000000 0.000000 
0.000000 0.145880 0.507328 0.380768 0.302979 0.046173 0.000000 0.000000 0.000000 0.000000 0.000000 0.000000 0.000000 0.254025 0.481486 0.481578 
0.000000 0.000000 0.000000 0.000000 0.000000 0.000000 0.000000 0.000000 0.000000 0.000000 0.000000 0.000000 0.000000 0.609363 0.070879 0.000000 
1.217975 0.437665 0.000000 0.000000 0.000000 0.084557 0.034644 0.000000 0.000000 0.000000 0.000000 0.000000 0.000000 0.000000 0.000000 0.000000 
0.788385 0.352848 0.280354 0.000000 0.000000 0.000000 0.000000 0.000000 0.000000 0.000000 0.000000 0.000000 0.000000 0.000000 0.000000 0.000000 
0.558815 0.219588 0.000000 0.000000 0.000000 0.000000 0.265261 0.003598 0.000000 0.313769 0.061152 0.000000 0.000000 0.190927 0.367046 0.000000 
0.131861 0.000000 0.000000 0.000000 0.000000 0.338999 0.487735 0.082371 0.000000 0.711260 0.568561 0.013384 0.000000 0.000000 0.000000 0.000000 
0.000000 0.000000 0.000000 0.000000 0.000000 0.142750 0.184967 0.798651 0.759629 0.000000 0.706226 0.681937 0.295283 0.000000 0.000000 0.000000 
0.000000 0.000000 0.000000 0.000000 0.000000 0.000000 0.000000 0.041147 0.158587 0.000000 0.000000 0.342305 0.384614 0.000000 0.000000 0.000000 
0.000000 0.000000 0.000000 0.269013 0.000000 0.000000 0.000000 0.000000 0.000000 0.000000 0.000000 0.000000 0.000000 0.000000 0.000000 0.000000 
0.000000 0.000000 0.025436 0.077025 0.000000 0.000000 0.000000 0.000000 0.000000 0.000000 0.000000 0.000000 0.000000 0.000000 0.000000 0.000000 
0.000000 0.000000 0.000000 0.000000 0.000000 0.000000 0.000000 0.000000 0.000000 0.000000 0.000000 0.000000 0.000000 0.000000 0.000000 0.000000 
0.000000 0.000000 0.000000 0.000000 0.000000 0.000000 0.000000 0.000000 0.000000 0.000000 0.000000 0.000000 0.000000 0.000000 0.000000 0.000000 
0.000000 0.000000 0.000000 0.000000 0.000000 0.000000 0.000000 0.000000 0.000000 0.000000 0.000000 0.000000 0.000000 0.000000 0.000000 0.000000 
0.000000 0.000000 0.000000 0.000000 0.000000 0.000000 0.000000 0.000000 0.000000 0.000000 0.056358 0.175823 0.000000 0.000000 0.000000 0.000000 
0.000000 0.202202 0.000000 0.000000 0.000000 0.000000 0.000000 0.000000 0.000000 0.000000 0.000000 0.000000 0.000000 0.000000 0.000000 0.000000 
0.000000 0.036330 0.000000 0.000000 0.000000 0.000000 0.000000 0.000000 0.000000 0.000000 0.000000 0.000000 0.000000 0.000000 0.000000 0.000000 
0.000000 0.000000 0.000000 0.000000 0.000000 0.000000 0.000000 0.000000 0.000000 0.000000 0.000000 0.000000 0.011921 0.106365 0.000000 0.000000 
0.000000 0.000000 0.000000 0.000000 0.000000 0.000000 0.000000 0.000000 0.000000 0.000000 0.000000 0.000000 0.000000 0.000000 0.000000 0.000000 
0.000000 0.000000 0.000000 0.000000 0.000000 0.000000 0.000000 0.000000 0.000000 0.000000 0.000000 0.000000 0.000000 0.000000 0.000000 0.000000 
0.726520 0.000000 0.000000 0.000000 0.000000 0.000000 0.000000 0.000000 0.000000 0.101981 0.044434 0.201916 0.008438 0.000000 0.000000 0.000000 
0.745371 0.000000 0.000000 0.000000 0.000000 0.000000 0.000000 0.000000 0.000000 0.000000 0.000000 0.250964 0.195170 0.000000 0.000000 0.000000 
0.645523 0.000000 0.045702 0.010665 0.000000 0.000000 0.000000 0.264058 0.824557 0.588114 0.000000 0.000000 0.334753 0.406675 0.187426 0.010167 
0.717033 0.232664 0.000000 0.000000 0.000000 0.000000 0.000000 0.000000 0.375911 1.306838 0.723971 0.000000 0.000000 0.253355 0.181348 0.000000 
0.109864 0.161368 0.042257 0.000000 0.693405 0.770641 0.332216 0.441256 0.331604 0.000000 0.910815 1.106759 0.000000 0.000000 0.000000 0.000000 
0.134808 0.000000 0.000000 0.000000 0.049386 0.545732 0.556800 1.129747 0.832443 0.545003 0.442405 0.827900 0.209382 0.000000 0.000000 0.000000 
0.078130 0.000000 0.032812 0.165009 0.000000 0.018186 0.000000 0.701184 0.993541 0.565150 0.507675 1.496088 1.533263 0.174879 0.000000 0.000000 
0.156565 0.094348 0.250330 0.081477 0.066331 0.366044 0.014917 0.000000 0.000000 0.423469 0.380343 0.000000 0.887782 0.287269 0.254422 0.024858 
0.237651 0.000000 0.416653 0.000000 0.502242 0.333720 0.000000 0.000000 0.000000 0.000000 0.275789 0.459234 1.076620 0.382886 0.000000 0.000000 
0.298861 0.000000 0.000000 0.000000 0.598616 0.519455 0.000000 0.145324 0.000000 0.021418 0.000000 0.000000 1.008738 0.477820 0.000000 0.000000 
0.364956 0.000000 0.043319 0.000000 0.000000 0.528449 1.012346 0.594377 0.000000 0.000000 0.000000 0.000000 0.000000 0.179607 0.000000 0.000000 
0.572021 0.000000 0.000000 0.020131 0.000000 0.000000 0.537805 0.998220 0.778034 0.000000 0.263361 0.270742 0.000000 0.235264 0.177405 0.000000 
0.743034 0.270771 0.000000 0.000000 0.000000 0.000000 0.000000 0.000000 0.274718 0.263140 0.000000 0.351707 0.457041 0.170689 0.000000 0.000000 
0.745428 0.519127 0.415627 0.000000 0.000000 0.000000 0.000000 0.000000 0.000000 0.054194 0.087214 0.000000 0.000000 0.000000 0.164191 0.000000 
0.477190 0.568768 0.974761 0.856876 0.647682 0.253242 0.224119 0.145701 0.178779 0.135153 0.292391 0.220842 0.395557 0.222377 0.329128 0.994807 
