 16x(5,5,3)
0 
1 
2 
15 
16 
17 
30 
31 
32 
45 
46 
47 
60 
61 
62 
3 
4 
5 
18 
19 
20 
33 
34 
35 
48 
49 
50 
63 
64 
65 
6 
7 
8 
21 
22 
23 
36 
37 
38 
51 
52 
53 
66 
67 
68 
9 
10 
11 
24 
25 
26 
39 
40 
41 
54 
55 
56 
69 
70 
71 
12 
13 
14 
27 
28 
29 
42 
43 
44 
57 
58 
59 
72 
73 
74 
0 
1 
2 
15 
16 
17 
30 
31 
32 
45 
46 
47 
60 
61 
62 
3 
4 
5 
18 
19 
20 
33 
34 
35 
48 
49 
50 
63 
64 
65 
6 
7 
8 
21 
22 
23 
36 
37 
38 
51 
52 
53 
66 
67 
68 
9 
10 
11 
24 
25 
26 
39 
40 
41 
54 
55 
56 
69 
70 
71 
12 
13 
14 
27 
28 
29 
42 
43 
44 
57 
58 
59 
72 
73 
74 
0 
1 
2 
15 
16 
17 
30 
31 
32 
45 
46 
47 
60 
61 
62 
3 
4 
5 
18 
19 
20 
33 
34 
35 
48 
49 
50 
63 
64 
65 
6 
7 
8 
21 
22 
23 
36 
37 
38 
51 
52 
53 
66 
67 
68 
9 
10 
11 
24 
25 
26 
39 
40 
41 
54 
55 
56 
69 
70 
71 
12 
13 
14 
27 
28 
29 
42 
43 
44 
57 
58 
59 
72 
73 
74 
0 
1 
2 
15 
16 
17 
30 
31 
32 
45 
46 
47 
60 
61 
62 
3 
4 
5 
18 
19 
20 
33 
34 
35 
48 
49 
50 
63 
64 
65 
6 
7 
8 
21 
22 
23 
36 
37 
38 
51 
52 
53 
66 
67 
68 
9 
10 
11 
24 
25 
26 
39 
40 
41 
54 
55 
56 
69 
70 
71 
12 
13 
14 
27 
28 
29 
42 
43 
44 
57 
58 
59 
72 
73 
74 
0 
1 
2 
15 
16 
17 
30 
31 
32 
45 
46 
47 
60 
61 
62 
3 
4 
5 
18 
19 
20 
33 
34 
35 
48 
49 
50 
63 
64 
65 
6 
7 
8 
21 
22 
23 
36 
37 
38 
51 
52 
53 
66 
67 
68 
9 
10 
11 
24 
25 
26 
39 
40 
41 
54 
55 
56 
69 
70 
71 
12 
13 
14 
27 
28 
29 
42 
43 
44 
57 
58 
59 
72 
73 
74 
0 
1 
2 
15 
16 
17 
30 
31 
32 
45 
46 
47 
60 
61 
62 
3 
4 
5 
18 
19 
20 
33 
34 
35 
48 
49 
50 
63 
64 
65 
6 
7 
8 
21 
22 
23 
36 
37 
38 
51 
52 
53 
66 
67 
68 
9 
10 
11 
24 
25 
26 
39 
40 
41 
54 
55 
56 
69 
70 
71 
12 
13 
14 
27 
28 
29 
42 
43 
44 
57 
58 
59 
72 
73 
74 
0 
1 
2 
15 
16 
17 
30 
31 
32 
45 
46 
47 
60 
61 
62 
3 
4 
5 
18 
19 
20 
33 
34 
35 
48 
49 
50 
63 
64 
65 
6 
7 
8 
21 
22 
23 
36 
37 
38 
51 
52 
53 
66 
67 
68 
9 
10 
11 
24 
25 
26 
39 
40 
41 
54 
55 
56 
69 
70 
71 
12 
13 
14 
27 
28 
29 
42 
43 
44 
57 
58 
59 
72 
73 
74 
0 
1 
2 
15 
16 
17 
30 
31 
32 
45 
46 
47 
60 
61 
62 
3 
4 
5 
18 
19 
20 
33 
34 
35 
48 
49 
50 
63 
64 
65 
6 
7 
8 
21 
22 
23 
36 
37 
38 
51 
52 
53 
66 
67 
68 
9 
10 
11 
24 
25 
26 
39 
40 
41 
54 
55 
56 
69 
70 
71 
12 
13 
14 
27 
28 
29 
42 
43 
44 
57 
58 
59 
72 
73 
74 
0 
1 
2 
15 
16 
17 
30 
31 
32 
45 
46 
47 
60 
61 
62 
3 
4 
5 
18 
19 
20 
33 
34 
35 
48 
49 
50 
63 
64 
65 
6 
7 
8 
21 
22 
23 
36 
37 
38 
51 
52 
53 
66 
67 
68 
9 
10 
11 
24 
25 
26 
39 
40 
41 
54 
55 
56 
69 
70 
71 
12 
13 
14 
27 
28 
29 
42 
43 
44 
57 
58 
59 
72 
73 
74 
0 
1 
2 
15 
16 
17 
30 
31 
32 
45 
46 
47 
60 
61 
62 
3 
4 
5 
18 
19 
20 
33 
34 
35 
48 
49 
50 
63 
64 
65 
6 
7 
8 
21 
22 
23 
36 
37 
38 
51 
52 
53 
66 
67 
68 
9 
10 
11 
24 
25 
26 
39 
40 
41 
54 
55 
56 
69 
70 
71 
12 
13 
14 
27 
28 
29 
42 
43 
44 
57 
58 
59 
72 
73 
74 
0 
1 
2 
15 
16 
17 
30 
31 
32 
45 
46 
47 
60 
61 
62 
3 
4 
5 
18 
19 
20 
33 
34 
35 
48 
49 
50 
63 
64 
65 
6 
7 
8 
21 
22 
23 
36 
37 
38 
51 
52 
53 
66 
67 
68 
9 
10 
11 
24 
25 
26 
39 
40 
41 
54 
55 
56 
69 
70 
71 
12 
13 
14 
27 
28 
29 
42 
43 
44 
57 
58 
59 
72 
73 
74 
0 
1 
2 
15 
16 
17 
30 
31 
32 
45 
46 
47 
60 
61 
62 
3 
4 
5 
18 
19 
20 
33 
34 
35 
48 
49 
50 
63 
64 
65 
6 
7 
8 
21 
22 
23 
36 
37 
38 
51 
52 
53 
66 
67 
68 
9 
10 
11 
24 
25 
26 
39 
40 
41 
54 
55 
56 
69 
70 
71 
12 
13 
14 
27 
28 
29 
42 
43 
44 
57 
58 
59 
72 
73 
74 
0 
1 
2 
15 
16 
17 
30 
31 
32 
45 
46 
47 
60 
61 
62 
3 
4 
5 
18 
19 
20 
33 
34 
35 
48 
49 
50 
63 
64 
65 
6 
7 
8 
21 
22 
23 
36 
37 
38 
51 
52 
53 
66 
67 
68 
9 
10 
11 
24 
25 
26 
39 
40 
41 
54 
55 
56 
69 
70 
71 
12 
13 
14 
27 
28 
29 
42 
43 
44 
57 
58 
59 
72 
73 
74 
0 
1 
2 
15 
16 
17 
30 
31 
32 
45 
46 
47 
60 
61 
62 
3 
4 
5 
18 
19 
20 
33 
34 
35 
48 
49 
50 
63 
64 
65 
6 
7 
8 
21 
22 
23 
36 
37 
38 
51 
52 
53 
66 
67 
68 
9 
10 
11 
24 
25 
26 
39 
40 
41 
54 
55 
56 
69 
70 
71 
12 
13 
14 
27 
28 
29 
42 
43 
44 
57 
58 
59 
72 
73 
74 
0 
1 
2 
15 
16 
17 
30 
31 
32 
45 
46 
47 
60 
61 
62 
3 
4 
5 
18 
19 
20 
33 
34 
35 
48 
49 
50 
63 
64 
65 
6 
7 
8 
21 
22 
23 
36 
37 
38 
51 
52 
53 
66 
67 
68 
9 
10 
11 
24 
25 
26 
39 
40 
41 
54 
55 
56 
69 
70 
71 
12 
13 
14 
27 
28 
29 
42 
43 
44 
57 
58 
59 
72 
73 
74 
0 
1 
2 
15 
16 
17 
30 
31 
32 
45 
46 
47 
60 
61 
62 
3 
4 
5 
18 
19 
20 
33 
34 
35 
48 
49 
50 
63 
64 
65 
6 
7 
8 
21 
22 
23 
36 
37 
38 
51 
52 
53 
66 
67 
68 
9 
10 
11 
24 
25 
26 
39 
40 
41 
54 
55 
56 
69 
70 
71 
12 
13 
14 
27 
28 
29 
42 
43 
44 
57 
58 
59 
72 
73 
74 
.0 
1 
2 
3 
4 
5 
6 
7 
8 
9 
10 
11 
12 
13 
14 
15 