Batches: 6, Samples: 0.
Loading input batch 1...
Loading input batch 2...
Loading input batch 3...
Loading input batch 4...
Loading input batch 5...
-0.268627
-0.049020
-0.001961
-0.256863
0.303922
0.401961
0.425490
-0.025490
0.174510
0.111765
0.249020
-0.213725
-0.256863
-0.335294
-0.252941
-0.127451
-0.052941
-0.182353
0.013725
-0.111765
-0.127451
-0.319608
-0.300000
-0.366667
-0.150980
-0.256863
0.049020
-0.123529
-0.280392
-0.303922
-0.272549
-0.264706
-0.292157
-0.350980
0.056863
-0.178431
-0.205882
-0.288235
-0.425490
-0.201961
-0.268627
-0.276471
-0.303922
0.135294
0.080392
-0.296078
-0.460784
-0.150980
-0.268627
-0.252941
-0.233333
-0.323529
-0.468627
-0.492157
-0.476471
-0.194118
-0.374510
-0.413725
-0.390196
-0.496078
-0.496078
-0.084314
-0.362745
-0.358824
-0.339216
-0.147059
-0.315686
0.068627
-0.005882
0.150980
0.131373
0.143137
0.186275
-0.135294
0.056863
0.049020
-0.221569
-0.068627
0.029412
0.150980
0.158824
0.143137
0.162745
0.001961
0.100000
-0.249020
0.005882
-0.092157
-0.362745
0.123529
0.158824
0.158824
0.166667
0.103922
0.119608
0.037255
0.100000
0.205882
0.201961
0.150980
0.370588
0.158824
0.213725
0.194118
0.049020
0.076471
0.162745
0.182353
0.260784
0.119608
0.158824
0.256863
0.249020
0.221569
0.056863
0.096078
0.162745
0.127451
0.154902
0.205882
0.225490
0.229412
0.296078
0.276471
-0.398039
-0.456863
-0.452941
-0.429412
0.162745
0.229412
-0.445098
-0.460784
-0.374510
-0.398039
-0.401961
-0.429412
-0.464706
0.437255
0.350980
-0.480392
0.429412
0.209804
-0.390196
-0.335294
0.390196
-0.429412
-0.174510
0.374510
0.174510
0.429412
0.268627
-0.021569
-0.119608
0.394118
-0.268627
-0.268627
-0.307843
-0.409804
-0.374510
-0.378431
-0.303922
-0.072549
-0.127451
-0.378431
-0.307843
-0.296078
-0.433333
-0.452941
-0.398039
-0.335294
-0.323529
-0.350980
-0.213725
-0.284314
-0.229412
-0.213725
-0.456863
-0.484314
-0.433333
-0.500000
-0.488235
-0.492157
-0.441176
-0.390196
-0.284314
-0.484314
0.198039
0.201961
0.025490
-0.056863
-0.052941
-0.096078
-0.103922
0.092157
-0.056863
-0.111765
-0.080392
0.198039
0.100000
-0.100000
-0.158824
-0.162745
0.072549
-0.288235
-0.103922
-0.135294
-0.084314
0.241176
0.225490
-0.100000
0.001961
-0.029412
-0.096078
-0.103922
0.209804
-0.029412
-0.092157
-0.241176
-0.127451
-0.033333
0.060784
-0.198039
-0.127451
0.147059
0.468627
-0.068627
-0.005882
0.033333
-0.131373
-0.072549
-0.021569
-0.001961
0.001961
-0.150980
-0.213725
-0.139216
-0.049020
-0.096078
-0.272549
-0.350980
-0.135294
-0.190196
-0.092157
-0.237255
-0.354902
0.080392
-0.370588
0.272549
0.500000
0.107843
0.017647
-0.358824
-0.362745
0.421569
0.147059
-0.147059
0.052941
0.496078
0.488235
0.052941
0.041176
0.225490
0.445098
0.496078
0.311765
0.045098
-0.229412
-0.449020
0.476471
0.092157
0.060784
0.441176
0.496078
0.135294
0.166667
-0.162745
0.319608
-0.190196
0.488235
-0.205882
0.013725
0.052941
0.009804
-0.115686
-0.029412
-0.378431
-0.245098
0.343137
0.347059
0.347059
-0.186275
0.111765
0.068627
-0.237255
-0.256863
0.080392
0.041176
0.158824
-0.162745
0.178431
0.323529
-0.241176
-0.268627
-0.386275
-0.347059
-0.013725
-0.409804
0.005882
0.147059
-0.060784
END!
