Loading Data...
Loading Data...
Conv: X[5][5][3],W[3][3][3],Y[3][3][2]
O1:
-4  6 -1 -2 -6  7  2  2  3 -1 -2  1 -4 -3 -1  1 -1 -4 
In+3:
 3  3  5  5  3  3  4  4  4  4  3  5  4  4  5  4  3  4  4  3  5  4  5  4  3  4  5  3  4  5  3  5  5  4  3  5  5  3  5  4  3  3  3  5  3  3  3  3  4  5  5  4  5  4  4  3  3  3  5  4  5  4  4  4  4  3  4  5  5  5  3  3  4  4  3 
O1+3:
-10  3  2 -11 -6 19 -1  2  9 -10 -5  4 -16 -15 -10 -2 -7 -13 
In+4:
 4  4  6  6  4  4  5  5  5  5  4  6  5  5  6  5  4  5  5  4  6  5  6  5  4  5  6  4  5  6  4  6  6  5  4  6  6  4  6  5  4  4  4  6  4  4  4  4  5  6  6  5  6  5  5  4  4  4  6  5  6  5  5  5  5  4  5  6  6  6  4  4  5  5  4 
O1+4:
-12  2  3 -14 -6 23 -2  2 11 -13 -6  5 -20 -19 -13 -3 -9 -16 
In+5:
 5  5  7  7  5  5  6  6  6  6  5  7  6  6  7  6  5  6  6  5  7  6  7  6  5  6  7  5  6  7  5  7  7  6  5  7  7  5  7  6  5  5  5  7  5  5  5  5  6  7  7  6  7  6  6  5  5  5  7  6  7  6  6  6  6  5  6  7  7  7  5  5  6  6  5 
O1+5:
-14  1  4 -17 -6 27 -3  2 13 -16 -7  6 -24 -23 -16 -4 -11 -19 
