0.4936 -0.1456 -0.2660 0.1907 0.1255 0.0672 -0.3428 -0.2739 -0.3791 -0.0147 -0.0599 0.1926 0.1382 -0.4012 -0.4474 0.1992 0.2819 0.4034 0.3379 -0.0235 0.1884 -0.1817 -0.1229 0.1700 0.0621 0.0000 0.0000 0.0435 0.2483 -0.2260 0.0079 0.0100 
0.0672 -0.3428 -0.2739 -0.3791 -0.0147 -0.0599 0.1926 0.1382 -0.4012 -0.4474 0.1992 0.2819 0.4034 0.3379 -0.0235 0.1884 -0.1817 -0.1229 0.1700 0.0621 0.0000 0.0000 0.0435 0.2483 -0.2260 0.0079 0.0100 0.2992 0.1851 0.1876 0.1751 -0.3654 
-0.0599 0.1926 0.1382 -0.4012 -0.4474 0.1992 0.2819 0.4034 0.3379 -0.0235 0.1884 -0.1817 -0.1229 0.1700 0.0621 0.0000 0.0000 0.0435 0.2483 -0.2260 0.0079 0.0100 0.2992 0.1851 0.1876 0.1751 -0.3654 0.3352 0.4586 0.1069 -0.5831 -0.2715 
0.1992 0.2819 0.4034 0.3379 -0.0235 0.1884 -0.1817 -0.1229 0.1700 0.0621 0.0000 0.0000 0.0435 0.2483 -0.2260 0.0079 0.0100 0.2992 0.1851 0.1876 0.1751 -0.3654 0.3352 0.4586 0.1069 -0.5831 -0.2715 0.4133 0.3071 -0.3032 -0.4831 -0.1623 
0.1884 -0.1817 -0.1229 0.1700 0.0621 0.0000 0.0000 0.0435 0.2483 -0.2260 0.0079 0.0100 0.2992 0.1851 0.1876 0.1751 -0.3654 0.3352 0.4586 0.1069 -0.5831 -0.2715 0.4133 0.3071 -0.3032 -0.4831 -0.1623 0.5088 0.1114 -0.5166 0.0429 -0.1327 
0.0000 0.0000 0.0435 0.2483 -0.2260 0.0079 0.0100 0.2992 0.1851 0.1876 0.1751 -0.3654 0.3352 0.4586 0.1069 -0.5831 -0.2715 0.4133 0.3071 -0.3032 -0.4831 -0.1623 0.5088 0.1114 -0.5166 0.0429 -0.1327 0.0000 0.0000 0.2226 0.0325 0.3340 
0.0079 0.0100 0.2992 0.1851 0.1876 0.1751 -0.3654 0.3352 0.4586 0.1069 -0.5831 -0.2715 0.4133 0.3071 -0.3032 -0.4831 -0.1623 0.5088 0.1114 -0.5166 0.0429 -0.1327 0.0000 0.0000 0.2226 0.0325 0.3340 0.5254 0.6203 -0.5310 -0.7549 -0.7403 
0.1751 -0.3654 0.3352 0.4586 0.1069 -0.5831 -0.2715 0.4133 0.3071 -0.3032 -0.4831 -0.1623 0.5088 0.1114 -0.5166 0.0429 -0.1327 0.0000 0.0000 0.2226 0.0325 0.3340 0.5254 0.6203 -0.5310 -0.7549 -0.7403 -0.3357 -0.1864 -0.1982 -0.3349 -0.4580 
-0.5831 -0.2715 0.4133 0.3071 -0.3032 -0.4831 -0.1623 0.5088 0.1114 -0.5166 0.0429 -0.1327 0.0000 0.0000 0.2226 0.0325 0.3340 0.5254 0.6203 -0.5310 -0.7549 -0.7403 -0.3357 -0.1864 -0.1982 -0.3349 -0.4580 -0.2704 0.1013 0.0615 0.1521 0.1906 
-0.4831 -0.1623 0.5088 0.1114 -0.5166 0.0429 -0.1327 0.0000 0.0000 0.2226 0.0325 0.3340 0.5254 0.6203 -0.5310 -0.7549 -0.7403 -0.3357 -0.1864 -0.1982 -0.3349 -0.4580 -0.2704 0.1013 0.0615 0.1521 0.1906 0.2572 0.2082 0.4268 0.6120 0.6478 
0.0429 -0.1327 0.0000 0.0000 0.2226 0.0325 0.3340 0.5254 0.6203 -0.5310 -0.7549 -0.7403 -0.3357 -0.1864 -0.1982 -0.3349 -0.4580 -0.2704 0.1013 0.0615 0.1521 0.1906 0.2572 0.2082 0.4268 0.6120 0.6478 0.4963 0.4515 0.0000 0.7026 -0.2482 
0.0325 0.3340 0.5254 0.6203 -0.5310 -0.7549 -0.7403 -0.3357 -0.1864 -0.1982 -0.3349 -0.4580 -0.2704 0.1013 0.0615 0.1521 0.1906 0.2572 0.2082 0.4268 0.6120 0.6478 0.4963 0.4515 0.0000 0.7026 -0.2482 -0.2748 0.1154 -0.1592 -0.0648 0.2825 
-0.7549 -0.7403 -0.3357 -0.1864 -0.1982 -0.3349 -0.4580 -0.2704 0.1013 0.0615 0.1521 0.1906 0.2572 0.2082 0.4268 0.6120 0.6478 0.4963 0.4515 0.0000 0.7026 -0.2482 -0.2748 0.1154 -0.1592 -0.0648 0.2825 0.5495 -0.3542 -0.2437 -0.2113 0.6857 
-0.3349 -0.4580 -0.2704 0.1013 0.0615 0.1521 0.1906 0.2572 0.2082 0.4268 0.6120 0.6478 0.4963 0.4515 0.0000 0.7026 -0.2482 -0.2748 0.1154 -0.1592 -0.0648 0.2825 0.5495 -0.3542 -0.2437 -0.2113 0.6857 0.4374 -0.3370 -0.1403 0.2432 0.2734 
0.1521 0.1906 0.2572 0.2082 0.4268 0.6120 0.6478 0.4963 0.4515 0.0000 0.7026 -0.2482 -0.2748 0.1154 -0.1592 -0.0648 0.2825 0.5495 -0.3542 -0.2437 -0.2113 0.6857 0.4374 -0.3370 -0.1403 0.2432 0.2734 -0.1996 -0.0129 -0.3760 0.2488 -0.2468 
0.6120 0.6478 0.4963 0.4515 0.0000 0.7026 -0.2482 -0.2748 0.1154 -0.1592 -0.0648 0.2825 0.5495 -0.3542 -0.2437 -0.2113 0.6857 0.4374 -0.3370 -0.1403 0.2432 0.2734 -0.1996 -0.0129 -0.3760 0.2488 -0.2468 -0.5579 -0.0821 -0.1781 0.0000 0.0000 
0.7026 -0.2482 -0.2748 0.1154 -0.1592 -0.0648 0.2825 0.5495 -0.3542 -0.2437 -0.2113 0.6857 0.4374 -0.3370 -0.1403 0.2432 0.2734 -0.1996 -0.0129 -0.3760 0.2488 -0.2468 -0.5579 -0.0821 -0.1781 0.0000 0.0000 0.3187 0.9287 0.6921 0.6669 -0.1134 
-0.0648 0.2825 0.5495 -0.3542 -0.2437 -0.2113 0.6857 0.4374 -0.3370 -0.1403 0.2432 0.2734 -0.1996 -0.0129 -0.3760 0.2488 -0.2468 -0.5579 -0.0821 -0.1781 0.0000 0.0000 0.3187 0.9287 0.6921 0.6669 -0.1134 0.1882 1.2646 1.5745 0.5671 -0.0733 
-0.2113 0.6857 0.4374 -0.3370 -0.1403 0.2432 0.2734 -0.1996 -0.0129 -0.3760 0.2488 -0.2468 -0.5579 -0.0821 -0.1781 0.0000 0.0000 0.3187 0.9287 0.6921 0.6669 -0.1134 0.1882 1.2646 1.5745 0.5671 -0.0733 0.1735 0.0951 1.1298 0.5686 -0.0079 
0.2432 0.2734 -0.1996 -0.0129 -0.3760 0.2488 -0.2468 -0.5579 -0.0821 -0.1781 0.0000 0.0000 0.3187 0.9287 0.6921 0.6669 -0.1134 0.1882 1.2646 1.5745 0.5671 -0.0733 0.1735 0.0951 1.1298 0.5686 -0.0079 -0.0673 -0.1180 0.3429 0.0719 -0.1295 
0.2488 -0.2468 -0.5579 -0.0821 -0.1781 0.0000 0.0000 0.3187 0.9287 0.6921 0.6669 -0.1134 0.1882 1.2646 1.5745 0.5671 -0.0733 0.1735 0.0951 1.1298 0.5686 -0.0079 -0.0673 -0.1180 0.3429 0.0719 -0.1295 -0.8430 -0.1954 -0.3950 -0.0630 -0.2461 
0.0000 0.0000 0.3187 0.9287 0.6921 0.6669 -0.1134 0.1882 1.2646 1.5745 0.5671 -0.0733 0.1735 0.0951 1.1298 0.5686 -0.0079 -0.0673 -0.1180 0.3429 0.0719 -0.1295 -0.8430 -0.1954 -0.3950 -0.0630 -0.2461 0.0000 0.0000 0.0116 0.1975 0.1209 
0.6669 -0.1134 0.1882 1.2646 1.5745 0.5671 -0.0733 0.1735 0.0951 1.1298 0.5686 -0.0079 -0.0673 -0.1180 0.3429 0.0719 -0.1295 -0.8430 -0.1954 -0.3950 -0.0630 -0.2461 0.0000 0.0000 0.0116 0.1975 0.1209 0.0481 0.0118 -0.2058 0.4358 -0.2415 
0.5671 -0.0733 0.1735 0.0951 1.1298 0.5686 -0.0079 -0.0673 -0.1180 0.3429 0.0719 -0.1295 -0.8430 -0.1954 -0.3950 -0.0630 -0.2461 0.0000 0.0000 0.0116 0.1975 0.1209 0.0481 0.0118 -0.2058 0.4358 -0.2415 0.3434 -0.4100 0.0436 0.3380 -0.6852 
0.5686 -0.0079 -0.0673 -0.1180 0.3429 0.0719 -0.1295 -0.8430 -0.1954 -0.3950 -0.0630 -0.2461 0.0000 0.0000 0.0116 0.1975 0.1209 0.0481 0.0118 -0.2058 0.4358 -0.2415 0.3434 -0.4100 0.0436 0.3380 -0.6852 1.1420 -0.6239 -0.1310 0.4604 -0.9047 
0.0719 -0.1295 -0.8430 -0.1954 -0.3950 -0.0630 -0.2461 0.0000 0.0000 0.0116 0.1975 0.1209 0.0481 0.0118 -0.2058 0.4358 -0.2415 0.3434 -0.4100 0.0436 0.3380 -0.6852 1.1420 -0.6239 -0.1310 0.4604 -0.9047 1.0165 -0.9105 0.2179 0.1023 -0.5115 
-0.0630 -0.2461 0.0000 0.0000 0.0116 0.1975 0.1209 0.0481 0.0118 -0.2058 0.4358 -0.2415 0.3434 -0.4100 0.0436 0.3380 -0.6852 1.1420 -0.6239 -0.1310 0.4604 -0.9047 1.0165 -0.9105 0.2179 0.1023 -0.5115 0.7800 -0.5455 0.0000 0.4112 0.3909 
0.1975 0.1209 0.0481 0.0118 -0.2058 0.4358 -0.2415 0.3434 -0.4100 0.0436 0.3380 -0.6852 1.1420 -0.6239 -0.1310 0.4604 -0.9047 1.0165 -0.9105 0.2179 0.1023 -0.5115 0.7800 -0.5455 0.0000 0.4112 0.3909 0.6427 0.2695 0.4368 0.2247 -0.1579 
0.4358 -0.2415 0.3434 -0.4100 0.0436 0.3380 -0.6852 1.1420 -0.6239 -0.1310 0.4604 -0.9047 1.0165 -0.9105 0.2179 0.1023 -0.5115 0.7800 -0.5455 0.0000 0.4112 0.3909 0.6427 0.2695 0.4368 0.2247 -0.1579 -0.2163 -0.3191 0.1992 -0.2057 -0.4836 
0.3380 -0.6852 1.1420 -0.6239 -0.1310 0.4604 -0.9047 1.0165 -0.9105 0.2179 0.1023 -0.5115 0.7800 -0.5455 0.0000 0.4112 0.3909 0.6427 0.2695 0.4368 0.2247 -0.1579 -0.2163 -0.3191 0.1992 -0.2057 -0.4836 -0.2843 -1.0112 -0.7268 0.2649 -0.1250 
0.4604 -0.9047 1.0165 -0.9105 0.2179 0.1023 -0.5115 0.7800 -0.5455 0.0000 0.4112 0.3909 0.6427 0.2695 0.4368 0.2247 -0.1579 -0.2163 -0.3191 0.1992 -0.2057 -0.4836 -0.2843 -1.0112 -0.7268 0.2649 -0.1250 -0.0619 -0.2852 -0.0895 0.0849 -0.0427 
0.1023 -0.5115 0.7800 -0.5455 0.0000 0.4112 0.3909 0.6427 0.2695 0.4368 0.2247 -0.1579 -0.2163 -0.3191 0.1992 -0.2057 -0.4836 -0.2843 -1.0112 -0.7268 0.2649 -0.1250 -0.0619 -0.2852 -0.0895 0.0849 -0.0427 0.0714 -0.2001 -0.2949 0.0000 0.0000 
-0.2843 -0.4584 -0.2519 -0.0579 0.4337 -0.0770 -0.1879 0.1117 0.2363 -0.0555 -0.5168 -0.0130 -0.0004 0.1367 -0.2291 -0.3197 -0.2945 0.0531 0.1270 -0.1377 -0.2553 -0.4707 -0.1625 0.0293 -0.1667 0.0000 0.0000 -0.1707 -0.0175 0.2856 0.0407 -0.2556 
-0.0770 -0.1879 0.1117 0.2363 -0.0555 -0.5168 -0.0130 -0.0004 0.1367 -0.2291 -0.3197 -0.2945 0.0531 0.1270 -0.1377 -0.2553 -0.4707 -0.1625 0.0293 -0.1667 0.0000 0.0000 -0.1707 -0.0175 0.2856 0.0407 -0.2556 -0.2438 0.4444 0.6571 0.0711 -0.9633 
-0.5168 -0.0130 -0.0004 0.1367 -0.2291 -0.3197 -0.2945 0.0531 0.1270 -0.1377 -0.2553 -0.4707 -0.1625 0.0293 -0.1667 0.0000 0.0000 -0.1707 -0.0175 0.2856 0.0407 -0.2556 -0.2438 0.4444 0.6571 0.0711 -0.9633 0.2691 0.7671 0.5819 -0.6424 -1.0545 
-0.3197 -0.2945 0.0531 0.1270 -0.1377 -0.2553 -0.4707 -0.1625 0.0293 -0.1667 0.0000 0.0000 -0.1707 -0.0175 0.2856 0.0407 -0.2556 -0.2438 0.4444 0.6571 0.0711 -0.9633 0.2691 0.7671 0.5819 -0.6424 -1.0545 0.6817 0.7731 -0.0829 -0.6498 -0.6526 
-0.2553 -0.4707 -0.1625 0.0293 -0.1667 0.0000 0.0000 -0.1707 -0.0175 0.2856 0.0407 -0.2556 -0.2438 0.4444 0.6571 0.0711 -0.9633 0.2691 0.7671 0.5819 -0.6424 -1.0545 0.6817 0.7731 -0.0829 -0.6498 -0.6526 0.6104 0.2801 -0.2139 -0.2679 -0.3093 
0.0000 0.0000 -0.1707 -0.0175 0.2856 0.0407 -0.2556 -0.2438 0.4444 0.6571 0.0711 -0.9633 0.2691 0.7671 0.5819 -0.6424 -1.0545 0.6817 0.7731 -0.0829 -0.6498 -0.6526 0.6104 0.2801 -0.2139 -0.2679 -0.3093 0.0000 -0.0373 0.2376 -0.0722 -0.3121 
0.0407 -0.2556 -0.2438 0.4444 0.6571 0.0711 -0.9633 0.2691 0.7671 0.5819 -0.6424 -1.0545 0.6817 0.7731 -0.0829 -0.6498 -0.6526 0.6104 0.2801 -0.2139 -0.2679 -0.3093 0.0000 -0.0373 0.2376 -0.0722 -0.3121 -0.5693 0.7657 1.1214 0.9559 0.4799 
0.0711 -0.9633 0.2691 0.7671 0.5819 -0.6424 -1.0545 0.6817 0.7731 -0.0829 -0.6498 -0.6526 0.6104 0.2801 -0.2139 -0.2679 -0.3093 0.0000 -0.0373 0.2376 -0.0722 -0.3121 -0.5693 0.7657 1.1214 0.9559 0.4799 0.1320 0.5211 0.8303 0.9159 0.5879 
-0.6424 -1.0545 0.6817 0.7731 -0.0829 -0.6498 -0.6526 0.6104 0.2801 -0.2139 -0.2679 -0.3093 0.0000 -0.0373 0.2376 -0.0722 -0.3121 -0.5693 0.7657 1.1214 0.9559 0.4799 0.1320 0.5211 0.8303 0.9159 0.5879 0.1508 -0.1264 0.0498 -0.0002 0.0377 
-0.6498 -0.6526 0.6104 0.2801 -0.2139 -0.2679 -0.3093 0.0000 -0.0373 0.2376 -0.0722 -0.3121 -0.5693 0.7657 1.1214 0.9559 0.4799 0.1320 0.5211 0.8303 0.9159 0.5879 0.1508 -0.1264 0.0498 -0.0002 0.0377 -0.3176 -0.5921 -0.6423 -0.6980 -0.6018 
-0.2679 -0.3093 0.0000 -0.0373 0.2376 -0.0722 -0.3121 -0.5693 0.7657 1.1214 0.9559 0.4799 0.1320 0.5211 0.8303 0.9159 0.5879 0.1508 -0.1264 0.0498 -0.0002 0.0377 -0.3176 -0.5921 -0.6423 -0.6980 -0.6018 -0.5770 0.0000 0.0000 -0.2577 -0.7914 
-0.0722 -0.3121 -0.5693 0.7657 1.1214 0.9559 0.4799 0.1320 0.5211 0.8303 0.9159 0.5879 0.1508 -0.1264 0.0498 -0.0002 0.0377 -0.3176 -0.5921 -0.6423 -0.6980 -0.6018 -0.5770 0.0000 0.0000 -0.2577 -0.7914 0.0327 0.3560 0.3541 -1.0815 -0.4726 
0.9559 0.4799 0.1320 0.5211 0.8303 0.9159 0.5879 0.1508 -0.1264 0.0498 -0.0002 0.0377 -0.3176 -0.5921 -0.6423 -0.6980 -0.6018 -0.5770 0.0000 0.0000 -0.2577 -0.7914 0.0327 0.3560 0.3541 -1.0815 -0.4726 1.1531 0.0930 0.2381 -1.3566 0.1521 
0.9159 0.5879 0.1508 -0.1264 0.0498 -0.0002 0.0377 -0.3176 -0.5921 -0.6423 -0.6980 -0.6018 -0.5770 0.0000 0.0000 -0.2577 -0.7914 0.0327 0.3560 0.3541 -1.0815 -0.4726 1.1531 0.0930 0.2381 -1.3566 0.1521 0.7666 -0.1690 0.2305 -0.3928 -0.1414 
-0.0002 0.0377 -0.3176 -0.5921 -0.6423 -0.6980 -0.6018 -0.5770 0.0000 0.0000 -0.2577 -0.7914 0.0327 0.3560 0.3541 -1.0815 -0.4726 1.1531 0.0930 0.2381 -1.3566 0.1521 0.7666 -0.1690 0.2305 -0.3928 -0.1414 -0.0131 0.3361 0.2054 0.0313 -0.0724 
-0.6980 -0.6018 -0.5770 0.0000 0.0000 -0.2577 -0.7914 0.0327 0.3560 0.3541 -1.0815 -0.4726 1.1531 0.0930 0.2381 -1.3566 0.1521 0.7666 -0.1690 0.2305 -0.3928 -0.1414 -0.0131 0.3361 0.2054 0.0313 -0.0724 0.2591 0.5108 0.2139 0.0000 0.0000 
-0.2577 -0.7914 0.0327 0.3560 0.3541 -1.0815 -0.4726 1.1531 0.0930 0.2381 -1.3566 0.1521 0.7666 -0.1690 0.2305 -0.3928 -0.1414 -0.0131 0.3361 0.2054 0.0313 -0.0724 0.2591 0.5108 0.2139 0.0000 0.0000 -0.1461 -0.6196 -1.2597 -0.4636 0.4937 
-1.0815 -0.4726 1.1531 0.0930 0.2381 -1.3566 0.1521 0.7666 -0.1690 0.2305 -0.3928 -0.1414 -0.0131 0.3361 0.2054 0.0313 -0.0724 0.2591 0.5108 0.2139 0.0000 0.0000 -0.1461 -0.6196 -1.2597 -0.4636 0.4937 0.0086 -0.2882 -0.3285 -0.7085 0.0447 
-1.3566 0.1521 0.7666 -0.1690 0.2305 -0.3928 -0.1414 -0.0131 0.3361 0.2054 0.0313 -0.0724 0.2591 0.5108 0.2139 0.0000 0.0000 -0.1461 -0.6196 -1.2597 -0.4636 0.4937 0.0086 -0.2882 -0.3285 -0.7085 0.0447 0.2927 -1.3034 -0.3959 -0.4320 0.0004 
-0.3928 -0.1414 -0.0131 0.3361 0.2054 0.0313 -0.0724 0.2591 0.5108 0.2139 0.0000 0.0000 -0.1461 -0.6196 -1.2597 -0.4636 0.4937 0.0086 -0.2882 -0.3285 -0.7085 0.0447 0.2927 -1.3034 -0.3959 -0.4320 0.0004 0.7465 0.0623 0.0317 -0.3159 0.1966 
0.0313 -0.0724 0.2591 0.5108 0.2139 0.0000 0.0000 -0.1461 -0.6196 -1.2597 -0.4636 0.4937 0.0086 -0.2882 -0.3285 -0.7085 0.0447 0.2927 -1.3034 -0.3959 -0.4320 0.0004 0.7465 0.0623 0.0317 -0.3159 0.1966 0.2515 0.3413 0.2795 0.0104 0.4102 
0.0000 0.0000 -0.1461 -0.6196 -1.2597 -0.4636 0.4937 0.0086 -0.2882 -0.3285 -0.7085 0.0447 0.2927 -1.3034 -0.3959 -0.4320 0.0004 0.7465 0.0623 0.0317 -0.3159 0.1966 0.2515 0.3413 0.2795 0.0104 0.4102 0.0000 -0.1831 0.2023 0.1113 0.3526 
-0.4636 0.4937 0.0086 -0.2882 -0.3285 -0.7085 0.0447 0.2927 -1.3034 -0.3959 -0.4320 0.0004 0.7465 0.0623 0.0317 -0.3159 0.1966 0.2515 0.3413 0.2795 0.0104 0.4102 0.0000 -0.1831 0.2023 0.1113 0.3526 -0.1957 -0.1818 0.2195 -0.4266 0.5652 
-0.7085 0.0447 0.2927 -1.3034 -0.3959 -0.4320 0.0004 0.7465 0.0623 0.0317 -0.3159 0.1966 0.2515 0.3413 0.2795 0.0104 0.4102 0.0000 -0.1831 0.2023 0.1113 0.3526 -0.1957 -0.1818 0.2195 -0.4266 0.5652 -0.4517 -0.2264 0.2330 -0.7708 1.2426 
-0.4320 0.0004 0.7465 0.0623 0.0317 -0.3159 0.1966 0.2515 0.3413 0.2795 0.0104 0.4102 0.0000 -0.1831 0.2023 0.1113 0.3526 -0.1957 -0.1818 0.2195 -0.4266 0.5652 -0.4517 -0.2264 0.2330 -0.7708 1.2426 -0.4721 0.2183 0.0353 -0.9065 1.5945 
-0.3159 0.1966 0.2515 0.3413 0.2795 0.0104 0.4102 0.0000 -0.1831 0.2023 0.1113 0.3526 -0.1957 -0.1818 0.2195 -0.4266 0.5652 -0.4517 -0.2264 0.2330 -0.7708 1.2426 -0.4721 0.2183 0.0353 -0.9065 1.5945 -0.8595 -0.2972 0.1230 -0.5282 0.9821 
0.0104 0.4102 0.0000 -0.1831 0.2023 0.1113 0.3526 -0.1957 -0.1818 0.2195 -0.4266 0.5652 -0.4517 -0.2264 0.2330 -0.7708 1.2426 -0.4721 0.2183 0.0353 -0.9065 1.5945 -0.8595 -0.2972 0.1230 -0.5282 0.9821 -0.2730 0.0000 0.0000 0.3868 0.3026 
0.1113 0.3526 -0.1957 -0.1818 0.2195 -0.4266 0.5652 -0.4517 -0.2264 0.2330 -0.7708 1.2426 -0.4721 0.2183 0.0353 -0.9065 1.5945 -0.8595 -0.2972 0.1230 -0.5282 0.9821 -0.2730 0.0000 0.0000 0.3868 0.3026 0.6004 -0.1292 -0.0229 -0.1485 -0.0615 
-0.4266 0.5652 -0.4517 -0.2264 0.2330 -0.7708 1.2426 -0.4721 0.2183 0.0353 -0.9065 1.5945 -0.8595 -0.2972 0.1230 -0.5282 0.9821 -0.2730 0.0000 0.0000 0.3868 0.3026 0.6004 -0.1292 -0.0229 -0.1485 -0.0615 0.0165 -0.0363 0.3705 -0.5097 -0.2940 
-0.7708 1.2426 -0.4721 0.2183 0.0353 -0.9065 1.5945 -0.8595 -0.2972 0.1230 -0.5282 0.9821 -0.2730 0.0000 0.0000 0.3868 0.3026 0.6004 -0.1292 -0.0229 -0.1485 -0.0615 0.0165 -0.0363 0.3705 -0.5097 -0.2940 0.1041 -0.5484 -0.2954 0.0195 0.0147 
-0.9065 1.5945 -0.8595 -0.2972 0.1230 -0.5282 0.9821 -0.2730 0.0000 0.0000 0.3868 0.3026 0.6004 -0.1292 -0.0229 -0.1485 -0.0615 0.0165 -0.0363 0.3705 -0.5097 -0.2940 0.1041 -0.5484 -0.2954 0.0195 0.0147 0.3802 0.2099 -0.1186 0.0376 -0.2950 
-0.5282 0.9821 -0.2730 0.0000 0.0000 0.3868 0.3026 0.6004 -0.1292 -0.0229 -0.1485 -0.0615 0.0165 -0.0363 0.3705 -0.5097 -0.2940 0.1041 -0.5484 -0.2954 0.0195 0.0147 0.3802 0.2099 -0.1186 0.0376 -0.2950 0.1251 -0.0573 0.1355 0.0000 0.0000 
-0.5334 -0.3700 -0.2345 0.6227 0.5687 0.0555 0.2530 0.2896 0.3968 0.3301 0.0835 0.4629 0.8337 0.4175 0.0620 0.0557 0.2306 0.8250 0.3034 -0.1592 0.1627 -0.0858 0.0620 -0.0643 -0.0723 0.0000 0.0235 -0.2065 -0.3735 0.0627 0.5023 -0.4091 
0.0555 0.2530 0.2896 0.3968 0.3301 0.0835 0.4629 0.8337 0.4175 0.0620 0.0557 0.2306 0.8250 0.3034 -0.1592 0.1627 -0.0858 0.0620 -0.0643 -0.0723 0.0000 0.0235 -0.2065 -0.3735 0.0627 0.5023 -0.4091 -0.5485 -0.1413 0.3466 0.4596 -0.5429 
0.0835 0.4629 0.8337 0.4175 0.0620 0.0557 0.2306 0.8250 0.3034 -0.1592 0.1627 -0.0858 0.0620 -0.0643 -0.0723 0.0000 0.0235 -0.2065 -0.3735 0.0627 0.5023 -0.4091 -0.5485 -0.1413 0.3466 0.4596 -0.5429 -0.4570 0.1440 0.2584 0.6067 -0.5913 
0.0557 0.2306 0.8250 0.3034 -0.1592 0.1627 -0.0858 0.0620 -0.0643 -0.0723 0.0000 0.0235 -0.2065 -0.3735 0.0627 0.5023 -0.4091 -0.5485 -0.1413 0.3466 0.4596 -0.5429 -0.4570 0.1440 0.2584 0.6067 -0.5913 -0.1640 -0.1505 0.1352 0.8622 -0.4954 
0.1627 -0.0858 0.0620 -0.0643 -0.0723 0.0000 0.0235 -0.2065 -0.3735 0.0627 0.5023 -0.4091 -0.5485 -0.1413 0.3466 0.4596 -0.5429 -0.4570 0.1440 0.2584 0.6067 -0.5913 -0.1640 -0.1505 0.1352 0.8622 -0.4954 -0.4313 0.1013 0.3981 0.4094 0.0000 
0.0000 0.0235 -0.2065 -0.3735 0.0627 0.5023 -0.4091 -0.5485 -0.1413 0.3466 0.4596 -0.5429 -0.4570 0.1440 0.2584 0.6067 -0.5913 -0.1640 -0.1505 0.1352 0.8622 -0.4954 -0.4313 0.1013 0.3981 0.4094 0.0000 0.0000 -0.0391 -0.1837 -0.1368 -0.0038 
0.5023 -0.4091 -0.5485 -0.1413 0.3466 0.4596 -0.5429 -0.4570 0.1440 0.2584 0.6067 -0.5913 -0.1640 -0.1505 0.1352 0.8622 -0.4954 -0.4313 0.1013 0.3981 0.4094 0.0000 0.0000 -0.0391 -0.1837 -0.1368 -0.0038 0.2763 -0.6556 -0.8186 -0.7304 -0.4107 
0.4596 -0.5429 -0.4570 0.1440 0.2584 0.6067 -0.5913 -0.1640 -0.1505 0.1352 0.8622 -0.4954 -0.4313 0.1013 0.3981 0.4094 0.0000 0.0000 -0.0391 -0.1837 -0.1368 -0.0038 0.2763 -0.6556 -0.8186 -0.7304 -0.4107 -0.2958 -0.4247 -0.7493 -0.7902 -0.3890 
0.6067 -0.5913 -0.1640 -0.1505 0.1352 0.8622 -0.4954 -0.4313 0.1013 0.3981 0.4094 0.0000 0.0000 -0.0391 -0.1837 -0.1368 -0.0038 0.2763 -0.6556 -0.8186 -0.7304 -0.4107 -0.2958 -0.4247 -0.7493 -0.7902 -0.3890 -0.3031 -0.2569 -0.2584 -0.1642 -0.2182 
0.8622 -0.4954 -0.4313 0.1013 0.3981 0.4094 0.0000 0.0000 -0.0391 -0.1837 -0.1368 -0.0038 0.2763 -0.6556 -0.8186 -0.7304 -0.4107 -0.2958 -0.4247 -0.7493 -0.7902 -0.3890 -0.3031 -0.2569 -0.2584 -0.1642 -0.2182 0.0228 0.2738 0.4389 0.3003 0.2266 
0.4094 0.0000 0.0000 -0.0391 -0.1837 -0.1368 -0.0038 0.2763 -0.6556 -0.8186 -0.7304 -0.4107 -0.2958 -0.4247 -0.7493 -0.7902 -0.3890 -0.3031 -0.2569 -0.2584 -0.1642 -0.2182 0.0228 0.2738 0.4389 0.3003 0.2266 0.0197 0.0000 0.0000 0.0491 -0.1973 
-0.1368 -0.0038 0.2763 -0.6556 -0.8186 -0.7304 -0.4107 -0.2958 -0.4247 -0.7493 -0.7902 -0.3890 -0.3031 -0.2569 -0.2584 -0.1642 -0.2182 0.0228 0.2738 0.4389 0.3003 0.2266 0.0197 0.0000 0.0000 0.0491 -0.1973 -0.0749 0.1227 0.0973 -1.0323 -0.0813 
-0.7304 -0.4107 -0.2958 -0.4247 -0.7493 -0.7902 -0.3890 -0.3031 -0.2569 -0.2584 -0.1642 -0.2182 0.0228 0.2738 0.4389 0.3003 0.2266 0.0197 0.0000 0.0000 0.0491 -0.1973 -0.0749 0.1227 0.0973 -1.0323 -0.0813 1.1596 -0.1090 -0.2430 -0.9340 0.4071 
-0.7902 -0.3890 -0.3031 -0.2569 -0.2584 -0.1642 -0.2182 0.0228 0.2738 0.4389 0.3003 0.2266 0.0197 0.0000 0.0000 0.0491 -0.1973 -0.0749 0.1227 0.0973 -1.0323 -0.0813 1.1596 -0.1090 -0.2430 -0.9340 0.4071 0.7317 -0.0959 -0.3587 -0.1974 0.1851 
-0.1642 -0.2182 0.0228 0.2738 0.4389 0.3003 0.2266 0.0197 0.0000 0.0000 0.0491 -0.1973 -0.0749 0.1227 0.0973 -1.0323 -0.0813 1.1596 -0.1090 -0.2430 -0.9340 0.4071 0.7317 -0.0959 -0.3587 -0.1974 0.1851 0.1702 0.2630 -0.2873 -0.0593 0.1677 
0.3003 0.2266 0.0197 0.0000 0.0000 0.0491 -0.1973 -0.0749 0.1227 0.0973 -1.0323 -0.0813 1.1596 -0.1090 -0.2430 -0.9340 0.4071 0.7317 -0.0959 -0.3587 -0.1974 0.1851 0.1702 0.2630 -0.2873 -0.0593 0.1677 0.2116 0.0070 -0.0801 0.0000 -0.4343 
0.0491 -0.1973 -0.0749 0.1227 0.0973 -1.0323 -0.0813 1.1596 -0.1090 -0.2430 -0.9340 0.4071 0.7317 -0.0959 -0.3587 -0.1974 0.1851 0.1702 0.2630 -0.2873 -0.0593 0.1677 0.2116 0.0070 -0.0801 0.0000 -0.4343 -0.3455 -0.7836 -0.3893 0.2389 -0.1885 
-1.0323 -0.0813 1.1596 -0.1090 -0.2430 -0.9340 0.4071 0.7317 -0.0959 -0.3587 -0.1974 0.1851 0.1702 0.2630 -0.2873 -0.0593 0.1677 0.2116 0.0070 -0.0801 0.0000 -0.4343 -0.3455 -0.7836 -0.3893 0.2389 -0.1885 -0.0528 -0.0025 -0.4514 -0.2696 -0.0950 
-0.9340 0.4071 0.7317 -0.0959 -0.3587 -0.1974 0.1851 0.1702 0.2630 -0.2873 -0.0593 0.1677 0.2116 0.0070 -0.0801 0.0000 -0.4343 -0.3455 -0.7836 -0.3893 0.2389 -0.1885 -0.0528 -0.0025 -0.4514 -0.2696 -0.0950 -0.9911 0.1207 -0.0599 -0.1064 0.2280 
-0.1974 0.1851 0.1702 0.2630 -0.2873 -0.0593 0.1677 0.2116 0.0070 -0.0801 0.0000 -0.4343 -0.3455 -0.7836 -0.3893 0.2389 -0.1885 -0.0528 -0.0025 -0.4514 -0.2696 -0.0950 -0.9911 0.1207 -0.0599 -0.1064 0.2280 -0.1754 -0.1391 -0.5720 0.2120 0.2851 
-0.0593 0.1677 0.2116 0.0070 -0.0801 0.0000 -0.4343 -0.3455 -0.7836 -0.3893 0.2389 -0.1885 -0.0528 -0.0025 -0.4514 -0.2696 -0.0950 -0.9911 0.1207 -0.0599 -0.1064 0.2280 -0.1754 -0.1391 -0.5720 0.2120 0.2851 0.3014 -0.1812 0.0629 0.2169 0.0000 
0.0000 -0.4343 -0.3455 -0.7836 -0.3893 0.2389 -0.1885 -0.0528 -0.0025 -0.4514 -0.2696 -0.0950 -0.9911 0.1207 -0.0599 -0.1064 0.2280 -0.1754 -0.1391 -0.5720 0.2120 0.2851 0.3014 -0.1812 0.0629 0.2169 0.0000 0.0000 0.2322 -0.3457 -0.4552 -0.0212 
0.2389 -0.1885 -0.0528 -0.0025 -0.4514 -0.2696 -0.0950 -0.9911 0.1207 -0.0599 -0.1064 0.2280 -0.1754 -0.1391 -0.5720 0.2120 0.2851 0.3014 -0.1812 0.0629 0.2169 0.0000 0.0000 0.2322 -0.3457 -0.4552 -0.0212 0.1008 0.1295 -0.2062 -0.7327 0.3156 
-0.2696 -0.0950 -0.9911 0.1207 -0.0599 -0.1064 0.2280 -0.1754 -0.1391 -0.5720 0.2120 0.2851 0.3014 -0.1812 0.0629 0.2169 0.0000 0.0000 0.2322 -0.3457 -0.4552 -0.0212 0.1008 0.1295 -0.2062 -0.7327 0.3156 -0.1738 0.4938 0.2583 -1.3947 1.1436 
-0.1064 0.2280 -0.1754 -0.1391 -0.5720 0.2120 0.2851 0.3014 -0.1812 0.0629 0.2169 0.0000 0.0000 0.2322 -0.3457 -0.4552 -0.0212 0.1008 0.1295 -0.2062 -0.7327 0.3156 -0.1738 0.4938 0.2583 -1.3947 1.1436 -0.0319 0.3943 0.0393 -1.4496 1.6111 
0.2120 0.2851 0.3014 -0.1812 0.0629 0.2169 0.0000 0.0000 0.2322 -0.3457 -0.4552 -0.0212 0.1008 0.1295 -0.2062 -0.7327 0.3156 -0.1738 0.4938 0.2583 -1.3947 1.1436 -0.0319 0.3943 0.0393 -1.4496 1.6111 -0.3652 0.3462 -0.0971 -1.0124 0.9706 
0.2169 0.0000 0.0000 0.2322 -0.3457 -0.4552 -0.0212 0.1008 0.1295 -0.2062 -0.7327 0.3156 -0.1738 0.4938 0.2583 -1.3947 1.1436 -0.0319 0.3943 0.0393 -1.4496 1.6111 -0.3652 0.3462 -0.0971 -1.0124 0.9706 -0.2316 0.0000 0.0000 -0.1628 0.1328 
-0.4552 -0.0212 0.1008 0.1295 -0.2062 -0.7327 0.3156 -0.1738 0.4938 0.2583 -1.3947 1.1436 -0.0319 0.3943 0.0393 -1.4496 1.6111 -0.3652 0.3462 -0.0971 -1.0124 0.9706 -0.2316 0.0000 0.0000 -0.1628 0.1328 0.3877 0.0334 -0.2303 -0.1594 0.0392 
-0.7327 0.3156 -0.1738 0.4938 0.2583 -1.3947 1.1436 -0.0319 0.3943 0.0393 -1.4496 1.6111 -0.3652 0.3462 -0.0971 -1.0124 0.9706 -0.2316 0.0000 0.0000 -0.1628 0.1328 0.3877 0.0334 -0.2303 -0.1594 0.0392 0.3143 0.3324 0.2774 -0.4689 -0.3882 
-1.3947 1.1436 -0.0319 0.3943 0.0393 -1.4496 1.6111 -0.3652 0.3462 -0.0971 -1.0124 0.9706 -0.2316 0.0000 0.0000 -0.1628 0.1328 0.3877 0.0334 -0.2303 -0.1594 0.0392 0.3143 0.3324 0.2774 -0.4689 -0.3882 0.2465 -0.0288 0.0285 -0.1720 0.0170 
-1.4496 1.6111 -0.3652 0.3462 -0.0971 -1.0124 0.9706 -0.2316 0.0000 0.0000 -0.1628 0.1328 0.3877 0.0334 -0.2303 -0.1594 0.0392 0.3143 0.3324 0.2774 -0.4689 -0.3882 0.2465 -0.0288 0.0285 -0.1720 0.0170 0.5190 0.3383 0.0140 -0.0615 -0.2561 
-1.0124 0.9706 -0.2316 0.0000 0.0000 -0.1628 0.1328 0.3877 0.0334 -0.2303 -0.1594 0.0392 0.3143 0.3324 0.2774 -0.4689 -0.3882 0.2465 -0.0288 0.0285 -0.1720 0.0170 0.5190 0.3383 0.0140 -0.0615 -0.2561 0.2428 0.1190 0.1126 0.0000 0.0627 
